x1,x2,x3,x4,x5,x6,x7,x8,x9,x10,x11,x12,x13,x14,x15,x16,x17,x18,x19,x20,x21,x22,x23,x24,x25,x26,x27,x28,x29,x30,x31,x32,x33,x34,x35,x36,x37,x38,x39,x40,x41,x42,x43,x44,x45,x46,x47,x48,x49,x50,x51,x52,x53,x54,x55,x56,x57,x58,x59,x60,x61,x62,x63,x64,x65,x66,x67,x68,x69,x70,x71,x72,x73,x74,x75,x76,x77,x78,x79,x80,x81,x82,x83,x84,x85,x86,x87,x88,x89,x90,x91,x92,x93,x94,x95,x96,x97,x98,x99,x100,x101,x102,x103,x104,x105,x106,x107,x108,x109,x110,x111,x112,x113,x114,x115,x116,x117,x118,x119,x120,x121,x122,x123,x124,x125,x126,x127,x128,x129,x130,x131,x132,x133,x134,x135,x136,x137,x138,x139,x140,x141,x142,x143,x144,x145,x146,x147,x148,x149,x150,x151,x152,x153,x154,x155,x156,x157,x158,x159,x160,x161,x162,x163,x164,x165,x166,x167,x168,x169,x170,x171,x172,x173,x174,x175
491,491,491,491,491,491,491,491,491,491,491,491,491,491,491,491,491,491,491,491,491,491,491,491,491,491,478,491,491,478,478,478,491,491,452,452,452,452,452,432,432,432,386,386,386,386,343,343,316,316,316,316,251,251,251,251,251,203,203,203,203,183,160,183,160,160,160,160,160,160,160,160,160,160,160,160,160,160,160,183,160,183,219,219,219,251,251,251,251,251,316,316,316,316,316,316,343,316,386,343,386,386,386,386,432,432,432,452,452,452,452,452,452,452,452,452,452,452,452,452,452,452,452,452,452,452,452,452,452,432,432,432,432,432,432,432,386,386,386,386,386,386,386,343,343,343,343,316,316,316,291,291,291,251,251,251,251,251,251,251,251,251,251,251,251,251,251,251,251,251,251,251,251,251,251
491,491,491,491,491,491,491,491,491,491,491,491,491,491,491,491,491,491,491,491,491,478,491,491,491,478,491,478,478,478,478,478,478,478,478,491,452,452,452,452,432,432,386,386,386,386,386,316,316,316,316,316,316,251,251,251,251,251,203,183,183,160,160,183,160,160,160,160,160,160,160,160,160,160,160,160,160,160,183,160,160,219,219,219,251,251,251,251,251,251,251,316,316,316,316,316,343,343,316,386,386,386,386,432,432,432,452,452,452,452,452,452,452,452,452,452,452,452,452,452,452,452,452,452,452,452,452,452,452,432,432,432,432,452,432,386,386,386,386,386,386,386,386,343,343,343,316,316,316,316,316,316,316,291,251,251,251,251,251,251,251,251,251,251,251,251,251,251,251,251,251,251,251,251,251
491,491,491,491,491,491,491,491,491,491,491,491,491,491,491,491,491,491,491,491,491,491,491,491,478,491,478,491,478,491,452,478,478,452,478,452,452,452,452,452,432,432,386,386,386,386,386,343,316,316,316,251,316,251,251,251,251,203,203,183,183,203,183,183,183,160,160,160,160,160,160,160,160,160,160,160,160,160,160,160,160,160,219,219,219,251,251,251,251,251,251,316,316,316,316,316,316,316,386,386,386,386,386,432,452,452,452,452,452,452,432,452,452,452,452,452,452,452,452,452,452,452,452,452,452,452,452,452,452,432,432,432,432,432,432,432,432,386,386,386,386,386,343,386,386,316,343,316,316,316,316,316,316,251,251,251,251,251,251,251,251,251,251,251,251,251,251,251,251,251,251,251,251,251,251
491,491,491,491,491,491,491,491,491,491,491,491,491,491,491,491,491,491,491,491,491,491,491,491,491,478,478,478,478,491,491,491,478,478,452,452,452,452,452,432,452,432,386,386,386,386,343,316,316,316,316,316,251,251,251,251,251,251,203,183,183,203,160,160,160,183,160,160,160,160,160,160,160,160,160,160,160,160,183,160,183,219,251,219,251,251,251,251,251,251,316,316,316,316,316,343,343,343,386,386,386,386,386,386,432,432,452,452,452,452,452,452,452,452,452,452,452,452,452,452,452,452,452,452,452,452,452,452,452,432,432,432,452,452,432,432,432,432,432,432,386,386,386,343,343,343,386,316,343,343,316,316,291,291,291,251,251,291,251,251,251,251,251,251,251,251,251,251,251,251,251,251,251,251,251
491,491,491,491,491,491,491,491,491,491,491,491,491,491,491,491,491,491,491,491,491,491,491,491,478,491,491,478,478,478,478,478,478,478,478,452,432,452,432,432,432,432,386,386,343,386,343,343,343,316,316,316,251,251,251,251,251,251,203,203,183,183,160,160,160,160,160,160,160,160,160,160,160,160,160,160,160,160,160,219,219,203,251,219,251,251,251,251,251,251,316,316,316,316,343,343,343,386,386,386,386,386,386,452,432,432,432,452,432,452,452,452,452,452,452,452,452,452,452,452,452,452,452,452,452,452,452,452,432,452,432,432,432,452,432,432,432,432,432,432,386,386,386,386,386,343,316,343,316,343,343,316,316,316,291,251,316,251,251,291,251,251,251,251,251,251,251,251,251,251,251,251,251,251,251
491,491,491,491,491,491,491,491,491,491,491,491,491,491,491,491,491,491,491,491,491,491,478,491,491,491,491,491,478,478,452,478,478,478,478,452,478,452,452,432,432,432,432,386,386,386,386,316,343,316,316,316,316,251,251,251,251,251,251,183,183,183,183,183,160,160,183,160,160,160,183,160,160,160,160,160,160,160,203,219,203,203,219,251,251,251,251,251,316,316,316,316,316,343,386,343,343,386,386,386,386,386,432,432,452,432,432,452,452,452,452,452,452,452,452,452,452,452,452,452,452,452,452,452,452,452,452,452,452,452,452,452,452,452,452,452,432,432,432,432,432,386,386,386,386,316,343,343,343,343,343,316,343,316,316,316,316,316,251,251,251,251,251,251,251,251,251,251,251,251,251,251,251,251,251
491,491,491,491,491,491,491,491,491,491,491,491,491,491,491,491,491,491,491,491,491,491,491,491,478,478,491,491,478,478,452,478,478,478,478,432,452,452,452,452,432,452,386,452,386,386,343,343,343,316,316,316,251,251,251,251,251,251,251,203,183,183,183,160,160,183,160,160,160,160,160,160,160,160,160,160,160,183,203,219,251,251,251,251,251,251,251,251,251,316,316,316,316,343,343,343,386,386,386,386,386,432,432,432,452,452,452,452,452,432,452,452,452,452,452,452,452,452,452,452,452,452,452,452,452,452,452,452,452,452,452,452,432,452,452,452,432,432,432,432,432,386,386,386,386,386,343,343,316,343,316,343,316,316,316,316,316,316,291,251,251,251,251,251,251,251,251,291,251,251,251,251,251,251,251
491,491,491,491,491,491,491,491,491,491,491,491,491,491,491,491,491,491,491,491,491,491,491,491,478,491,478,491,478,478,478,452,452,478,478,478,452,452,452,452,452,432,432,386,386,343,386,343,343,316,316,316,316,251,251,251,251,251,203,203,183,183,183,183,183,160,183,160,160,183,160,160,160,160,160,160,160,219,219,219,251,251,251,251,251,251,251,251,316,316,316,316,316,343,386,386,386,386,432,386,386,432,432,432,432,452,452,452,452,452,452,452,452,452,452,452,452,452,452,452,452,452,452,452,452,452,452,452,452,452,452,452,452,452,452,432,452,452,432,432,432,386,386,386,386,386,343,343,343,343,343,343,316,316,316,316,316,291,251,251,251,251,251,251,251,251,251,291,251,251,251,251,251,251,251
491,491,491,491,491,491,491,491,491,491,491,491,491,491,491,491,491,491,491,491,491,491,491,491,491,491,478,478,478,478,478,478,478,478,478,452,452,452,452,452,452,452,432,386,386,386,343,343,316,316,316,316,251,316,251,251,251,251,251,203,183,183,219,183,183,183,160,160,183,183,160,183,160,160,160,203,183,251,219,251,251,251,251,251,251,251,316,316,316,316,316,316,343,343,343,386,386,386,386,432,432,432,432,452,432,452,452,452,452,452,452,452,452,452,452,452,452,452,452,452,452,452,452,452,452,452,452,452,452,452,452,452,452,452,432,432,432,452,432,414,386,414,386,386,386,386,343,343,343,343,343,343,316,343,316,316,251,316,291,316,316,291,251,291,291,291,251,291,291,291,251,251,251,291,291
491,491,491,491,491,491,491,491,491,491,491,491,491,491,491,491,491,491,491,491,491,491,491,491,491,491,478,478,478,478,478,478,478,478,478,478,452,452,452,452,452,452,386,386,386,386,386,316,343,316,316,316,251,251,251,251,251,219,219,219,219,203,183,219,183,160,160,183,160,160,160,160,160,160,160,219,219,219,251,251,251,219,251,251,251,251,251,316,316,316,316,316,316,343,343,386,386,386,432,432,432,432,452,432,452,432,452,452,452,452,452,452,452,452,452,452,452,452,452,452,452,452,452,452,452,452,452,452,452,452,452,452,452,432,432,432,432,432,432,432,414,414,432,386,386,386,386,386,343,343,386,316,343,316,316,316,316,251,316,291,316,316,291,291,291,291,251,291,291,251,291,291,291,291,291
491,491,491,491,491,491,491,491,491,491,491,491,491,491,491,491,491,491,491,491,491,491,491,478,478,478,478,478,478,478,478,478,478,478,478,452,452,478,452,452,452,432,452,386,386,386,386,343,316,316,316,316,316,251,251,251,251,251,219,219,219,219,219,183,203,203,160,183,183,183,160,160,183,160,183,219,219,203,251,251,251,251,251,251,251,251,316,316,316,316,343,316,343,386,386,386,386,386,386,432,432,432,432,432,452,452,452,452,452,452,452,452,452,452,452,452,452,452,452,452,452,452,452,452,452,452,452,452,452,452,452,452,432,432,432,452,452,452,432,386,432,432,432,386,386,386,386,386,386,343,343,316,316,316,316,316,316,316,316,291,316,291,251,291,291,251,291,291,291,251,291,291,291,291,291
491,491,491,491,491,491,491,491,491,491,491,491,491,491,491,491,491,491,491,491,478,491,491,491,491,491,478,478,478,478,478,478,478,478,478,452,452,452,452,432,452,452,386,432,386,386,343,386,343,316,343,316,316,251,251,251,251,251,219,219,219,219,183,183,183,183,183,183,183,160,160,183,160,219,219,219,251,251,219,251,251,251,251,251,251,251,316,316,316,316,343,343,343,343,386,386,386,386,432,432,432,432,432,432,432,452,432,452,452,452,452,452,452,452,452,452,452,452,452,452,452,452,452,452,452,452,452,452,452,452,452,452,452,452,452,452,452,452,432,432,432,432,432,386,386,386,386,386,343,343,316,343,343,316,316,316,316,316,316,316,291,316,291,316,291,291,251,291,291,291,251,316,291,291,291
491,491,491,491,491,491,491,491,491,491,491,491,491,491,491,491,478,491,491,478,491,491,478,478,491,491,491,491,478,478,452,478,478,452,478,452,452,452,452,432,432,386,386,386,386,343,316,316,316,316,316,316,251,251,251,251,251,251,219,219,219,219,183,203,219,183,183,203,183,183,183,203,160,219,219,219,251,251,251,251,251,251,316,251,251,316,316,316,316,316,316,343,343,343,386,386,386,386,432,432,432,432,432,452,452,452,452,452,452,452,452,452,452,452,452,452,452,452,452,452,452,452,452,452,452,452,452,452,452,452,452,452,452,452,452,452,432,432,432,432,432,432,432,386,432,386,386,386,343,386,386,343,343,343,343,343,316,316,291,291,316,316,316,316,316,291,291,316,291,291,291,291,291,291,291
491,491,491,491,491,491,491,491,491,491,491,491,491,491,491,491,491,491,491,491,478,491,491,491,478,478,491,491,491,478,478,452,478,478,478,452,452,452,452,452,432,432,386,386,386,386,343,316,316,316,316,316,251,251,251,251,251,251,251,251,219,219,183,183,203,183,183,183,183,203,183,203,219,219,219,219,203,251,251,251,251,251,251,251,316,316,316,316,316,343,343,316,316,386,386,386,386,386,432,432,432,452,452,432,432,452,452,432,452,452,452,452,452,452,452,452,452,452,452,452,452,452,452,452,452,452,452,452,452,452,452,452,432,452,452,432,452,432,432,432,432,432,432,432,386,386,386,386,386,386,343,316,343,316,343,343,343,316,316,316,316,316,316,316,316,291,316,291,291,291,316,316,316,291,291
491,491,491,491,491,491,491,491,491,491,491,491,491,491,491,491,491,491,491,491,478,491,478,491,491,478,491,491,478,478,478,478,478,452,452,452,452,452,432,452,432,432,386,386,386,386,316,316,316,316,316,316,251,251,251,251,251,219,251,219,251,219,219,219,183,219,203,183,183,183,183,219,219,203,219,219,203,251,251,251,251,251,251,251,316,316,316,316,316,316,343,316,343,386,386,386,386,432,432,452,432,432,432,432,432,452,432,452,452,452,452,452,452,452,452,452,452,452,452,452,452,452,452,452,452,452,452,452,452,452,452,452,452,452,432,432,452,432,432,432,414,432,386,386,386,386,386,386,386,386,343,343,343,343,343,316,316,316,316,316,316,316,316,316,316,316,291,316,316,316,316,291,291,316,291
491,491,491,491,491,491,491,491,491,491,491,491,491,491,491,491,491,491,491,491,491,491,491,478,491,478,491,491,478,478,478,478,478,452,452,452,452,452,452,452,452,452,386,386,386,343,386,316,316,316,316,316,316,251,251,251,251,251,219,219,219,219,219,219,219,203,203,203,203,203,203,183,183,219,203,251,219,251,251,251,251,251,251,251,251,316,291,316,316,343,386,386,386,386,386,386,432,386,432,432,432,432,452,432,452,452,452,452,452,452,452,452,452,452,452,452,452,452,452,452,452,452,452,452,452,452,452,452,452,452,432,452,452,452,452,452,452,432,432,432,386,386,386,432,386,386,386,386,386,386,386,343,343,316,343,343,316,316,316,316,316,316,316,316,316,316,316,316,316,316,316,316,316,316,316
491,491,491,491,491,491,491,491,491,491,491,491,491,491,491,491,491,491,478,491,491,491,491,491,491,478,491,478,478,478,478,478,452,452,478,478,452,452,452,452,452,386,386,386,386,386,316,316,316,316,251,251,251,251,251,251,251,251,251,251,219,219,219,219,219,203,183,203,219,203,203,203,183,219,219,251,183,219,251,251,251,251,251,251,316,316,316,316,316,343,316,386,343,343,386,386,386,386,432,432,432,452,452,452,452,452,452,452,452,452,452,452,452,452,452,452,452,452,452,452,452,452,452,452,452,452,452,452,452,452,452,452,452,452,452,432,432,432,432,432,432,432,386,414,386,386,386,343,386,386,343,343,343,343,343,316,316,316,316,316,316,316,316,316,316,316,316,316,316,316,316,316,316,316,316
491,491,491,491,491,491,491,491,491,491,491,491,491,491,491,491,491,491,491,491,491,478,478,478,478,491,478,491,491,491,478,478,478,478,452,478,452,452,452,432,432,432,386,343,386,386,343,343,343,316,316,316,251,251,251,251,251,251,219,219,219,219,219,219,203,203,203,183,203,203,203,203,203,203,219,219,251,251,251,251,251,251,251,316,316,316,316,316,343,343,386,386,386,386,386,386,386,386,432,432,432,432,452,452,452,452,452,452,452,452,452,452,452,452,452,452,452,452,452,452,452,452,452,452,452,452,452,452,452,452,452,452,452,432,432,432,432,432,432,432,414,432,386,414,414,386,386,386,343,343,343,343,343,343,343,343,316,316,316,316,316,316,316,316,316,316,316,316,316,316,316,316,316,316,316
491,491,491,491,491,491,491,491,491,491,491,491,491,491,491,491,491,478,491,491,491,491,478,478,478,478,491,491,491,478,478,478,478,452,452,478,452,452,452,452,432,432,386,386,386,343,343,343,316,316,316,251,251,251,251,251,251,251,251,219,219,219,203,219,203,183,183,203,203,183,219,219,219,203,219,251,251,219,251,251,251,251,251,251,316,316,316,316,316,316,343,386,386,386,386,386,386,386,432,432,432,432,432,452,452,452,452,452,452,452,452,452,452,452,452,452,452,452,452,452,452,452,452,452,452,452,452,452,452,452,452,452,452,452,452,432,432,432,432,432,414,414,414,414,414,386,386,386,386,343,343,343,343,343,343,343,316,316,316,316,316,316,316,316,316,316,316,316,316,316,316,316,316,316,316
491,491,491,491,491,491,491,491,491,491,491,491,491,491,491,491,491,491,478,478,491,478,478,491,478,478,491,478,478,478,478,478,452,452,452,452,452,452,452,452,452,386,386,386,343,316,316,316,343,343,316,251,251,251,251,251,251,251,219,219,219,219,219,219,219,219,203,203,203,203,183,219,183,203,219,219,251,251,251,251,251,251,251,251,316,316,316,316,316,316,343,343,386,386,386,386,386,386,432,432,432,432,432,432,452,452,452,452,432,452,452,452,452,452,452,452,452,452,452,452,452,452,452,452,452,452,452,452,452,452,452,452,452,432,432,432,414,432,386,414,432,386,414,414,386,386,386,386,343,386,343,343,343,343,343,316,316,316,316,316,316,316,316,316,316,316,316,316,316,316,316,316,316,316,316
491,491,491,491,491,491,491,491,491,491,491,491,491,491,491,478,491,491,491,478,478,478,478,491,478,478,478,478,491,478,478,478,478,452,452,452,452,452,432,432,386,386,386,386,343,316,316,343,316,316,316,251,251,251,251,251,251,251,251,219,219,219,183,183,219,183,183,183,183,203,183,203,203,203,203,251,251,251,251,251,251,251,251,316,251,291,316,316,316,343,343,386,386,386,386,386,386,386,432,432,432,432,432,432,432,452,452,452,452,432,452,452,452,452,452,452,452,452,452,452,452,452,452,452,452,452,452,452,452,452,452,452,432,432,452,432,452,432,386,414,432,386,386,386,386,386,386,386,343,343,343,343,343,343,316,316,316,316,316,316,316,316,316,316,316,316,316,316,316,316,316,316,316,316,316
491,491,491,491,491,491,491,491,491,491,491,491,491,491,491,491,491,491,491,491,478,478,478,478,491,491,478,478,491,478,491,478,478,452,452,452,452,452,452,452,386,386,386,386,343,386,316,343,316,316,251,251,251,251,251,251,251,251,251,183,219,219,160,219,183,183,183,183,183,183,203,183,219,219,203,251,251,251,251,251,251,251,251,251,251,316,316,316,316,316,343,386,386,386,386,386,386,386,432,432,452,432,432,432,452,452,452,432,432,432,452,452,452,452,452,452,452,452,452,452,452,452,452,452,452,432,452,452,432,432,432,432,432,452,432,414,414,414,432,386,386,386,386,386,386,386,386,386,386,343,343,343,343,343,316,316,316,316,316,316,316,316,316,316,316,316,316,316,316,316,316,316,316,316,316
491,491,491,491,491,491,491,491,491,491,491,491,491,491,491,491,491,478,491,478,478,478,478,491,478,491,478,478,491,478,478,478,478,452,452,452,452,452,432,432,386,386,386,386,343,343,343,343,316,316,251,251,251,251,251,251,251,251,219,219,219,219,183,183,219,183,160,160,183,183,183,183,219,203,203,183,203,251,251,251,251,251,251,291,291,316,316,316,316,316,316,343,386,386,386,386,386,386,386,432,386,386,432,452,452,452,452,432,452,452,452,452,452,452,452,452,452,452,452,452,452,452,452,452,452,452,452,452,452,432,432,432,432,432,432,432,432,414,414,414,386,386,386,386,386,386,343,386,343,343,343,343,343,343,316,316,316,316,316,316,316,316,316,316,316,316,316,316,316,316,316,316,316,316,316
491,491,491,491,491,491,491,491,491,491,491,491,491,491,491,491,491,491,491,478,478,491,478,478,491,478,478,478,478,478,478,452,478,452,452,452,452,452,452,386,386,386,386,386,316,343,316,316,316,316,251,251,251,251,251,251,251,251,219,251,219,219,183,183,183,183,183,183,160,183,183,219,203,203,219,251,203,251,251,251,251,251,251,251,251,291,316,316,343,316,316,316,386,386,386,386,386,386,432,386,432,432,432,432,432,452,432,452,432,452,452,432,452,452,452,452,452,452,452,432,432,432,452,432,452,452,452,452,432,432,432,432,432,432,432,432,414,414,414,414,386,386,386,386,386,386,386,386,343,343,343,343,343,343,343,316,316,316,316,316,316,316,316,316,316,316,316,316,316,316,316,316,316,316,316
491,491,491,491,491,491,491,491,491,491,491,491,491,491,491,491,491,491,478,478,491,478,478,478,478,478,491,478,478,478,478,478,452,452,452,452,452,452,386,386,432,386,386,316,343,316,316,316,316,251,251,251,251,251,251,251,251,203,251,251,219,183,183,183,183,160,183,183,183,160,183,183,183,203,219,203,203,251,251,251,251,251,251,251,251,251,316,316,316,316,316,316,386,386,386,386,386,386,386,386,432,432,432,432,432,432,452,432,452,432,432,432,452,452,432,452,452,452,432,432,432,432,452,432,452,452,432,432,432,432,432,432,432,432,432,432,386,386,386,386,386,386,386,386,386,386,386,343,386,343,343,343,343,343,316,316,316,316,316,316,316,316,316,316,316,316,316,316,316,316,316,316,316,316,316
491,491,491,491,491,491,491,491,491,491,491,491,491,491,491,491,491,478,491,491,491,491,491,478,478,478,452,478,478,478,478,452,478,452,432,432,432,432,432,386,386,386,386,386,316,316,316,316,316,251,251,251,251,251,251,203,251,251,219,219,183,183,219,219,183,160,160,160,183,183,160,183,183,183,203,203,203,203,251,251,251,251,251,251,251,251,316,316,316,316,316,316,386,386,386,386,386,386,386,432,386,432,432,432,432,432,432,432,432,432,432,452,452,432,432,432,432,432,432,452,432,452,432,452,432,432,432,432,452,432,432,432,432,386,386,432,386,386,386,386,386,386,386,386,343,343,343,343,343,343,343,343,343,316,343,316,316,316,316,316,316,316,316,316,316,316,316,316,316,316,316,316,316,316,316
491,491,491,491,491,491,491,491,491,491,491,491,491,491,491,491,491,491,491,491,491,478,478,491,478,478,452,478,478,478,478,452,452,478,452,452,452,432,386,386,386,343,386,386,316,316,316,251,251,251,251,251,251,251,203,251,203,183,203,160,183,160,183,183,183,160,160,160,160,160,160,160,203,160,203,203,203,203,251,251,203,251,251,251,251,251,316,316,316,316,316,316,316,316,316,386,386,386,386,386,386,386,432,432,432,432,432,432,452,452,452,432,452,452,432,432,432,432,432,432,432,432,452,432,432,432,432,452,432,452,432,432,432,386,386,386,386,386,386,386,386,386,386,343,343,343,343,343,343,343,343,316,316,343,316,316,316,316,316,291,316,316,316,316,316,316,316,316,316,316,316,316,316,316,316
491,491,491,491,491,491,491,491,491,491,491,491,491,478,478,478,491,491,491,491,491,491,491,478,478,478,478,452,491,452,452,452,452,452,432,432,432,386,386,386,386,386,386,316,316,316,251,251,251,251,251,251,251,203,251,251,251,203,203,183,203,160,160,160,160,183,160,160,160,160,183,183,160,160,203,203,203,203,203,251,251,251,251,251,251,251,316,316,316,316,343,316,343,316,316,386,343,386,386,386,386,386,386,386,432,432,432,386,432,452,432,432,432,432,452,452,452,432,432,432,432,432,432,432,432,432,432,432,432,386,432,386,432,386,386,343,386,386,343,386,343,386,343,343,343,343,343,343,343,343,343,316,316,316,343,316,316,316,316,291,291,316,316,316,316,316,316,316,316,316,316,316,316,316,316
491,491,491,491,491,491,491,491,491,491,491,491,491,491,491,491,478,491,478,491,491,478,478,478,478,478,478,452,478,478,478,478,452,452,432,432,432,432,386,386,386,386,343,343,343,316,316,251,251,251,251,251,251,251,203,203,203,203,203,203,183,160,183,160,183,160,160,160,160,160,160,183,160,160,203,203,203,203,203,251,251,251,251,251,251,251,251,316,316,316,316,343,343,343,343,343,386,343,386,386,386,386,386,386,386,386,432,432,386,432,452,452,432,386,452,432,432,432,452,432,432,432,386,432,432,386,386,386,386,386,386,386,386,386,386,386,386,386,343,343,343,343,386,343,343,343,343,343,316,343,316,316,316,316,316,316,316,316,316,316,291,316,316,316,316,291,316,316,316,316,316,316,316,316,316
491,491,491,491,491,491,491,491,491,491,491,478,491,491,491,491,478,478,491,491,491,478,478,478,478,478,478,478,478,478,452,478,452,452,452,452,432,386,386,386,386,386,316,316,316,316,251,251,251,251,251,251,219,251,219,203,203,160,203,160,160,160,160,160,160,160,160,160,160,160,183,160,160,160,183,183,203,203,203,203,251,251,251,251,251,251,251,316,316,316,316,316,316,316,316,343,343,343,386,386,386,386,386,386,386,386,386,386,432,432,432,432,386,432,432,432,432,432,452,432,432,432,432,386,452,432,386,386,386,386,386,386,386,386,386,386,316,386,343,343,343,343,343,343,316,343,343,316,316,316,316,316,316,316,316,316,316,316,316,316,291,291,291,291,316,316,316,291,316,316,316,316,316,316,316
491,491,491,491,491,491,491,491,491,491,478,491,478,491,491,478,491,478,478,478,491,478,478,478,478,478,478,478,452,452,478,452,452,452,452,452,386,386,386,386,386,386,316,316,316,316,251,251,251,251,251,219,219,251,219,203,203,160,160,160,160,160,160,160,160,160,160,160,160,183,160,160,160,203,160,203,203,203,203,203,251,203,251,251,251,251,251,251,251,316,316,316,316,343,316,316,316,343,343,343,386,386,386,386,386,386,386,386,386,386,386,432,432,386,386,432,386,432,432,432,432,386,432,386,386,386,386,386,386,386,386,386,386,386,386,316,386,343,316,343,343,343,343,343,343,343,316,316,316,316,343,316,316,343,316,251,316,316,316,316,316,291,291,291,291,291,316,291,316,316,316,316,316,316,316
491,491,491,491,491,491,491,491,491,491,491,491,491,491,491,491,478,478,478,478,478,478,478,478,478,478,478,452,478,452,478,432,452,432,452,452,386,386,386,386,386,316,316,316,316,316,251,316,251,251,251,203,219,203,183,183,183,160,160,203,160,160,160,160,160,160,160,160,160,160,160,160,160,160,160,160,183,203,203,251,203,251,251,251,251,251,251,251,251,316,316,316,316,316,316,316,316,316,343,316,343,386,343,343,386,386,386,386,386,386,386,386,386,386,386,386,386,386,386,386,386,386,386,386,386,386,386,386,386,386,386,386,386,386,386,386,316,316,316,316,316,316,316,316,316,343,343,316,316,316,316,316,316,316,251,316,316,316,291,291,291,291,291,291,291,316,291,291,291,316,316,316,316,343,316
491,491,491,491,491,491,491,491,491,491,491,491,491,491,491,491,491,491,478,478,478,478,478,478,478,478,478,452,452,478,452,452,432,452,452,452,386,386,386,316,386,316,316,316,316,316,251,251,251,251,251,219,219,183,203,160,160,160,160,160,160,160,160,160,160,117,160,160,160,160,160,160,160,160,160,183,183,160,203,203,203,203,251,251,251,251,251,251,251,251,251,251,343,316,316,316,316,343,316,343,343,386,386,386,386,386,386,386,386,386,386,386,386,386,432,386,386,386,386,386,386,386,386,386,386,386,343,386,386,343,343,343,343,316,316,316,316,316,316,343,316,316,316,316,316,316,316,316,316,316,251,316,316,251,251,251,251,251,291,291,291,291,251,251,291,291,291,291,291,316,291,316,316,316,316
491,491,491,491,491,491,491,491,491,491,491,491,491,491,491,491,491,478,478,478,478,478,478,478,478,478,478,478,452,452,452,452,452,432,432,386,386,386,386,386,386,316,316,316,316,251,251,251,251,251,219,219,183,160,160,160,160,160,160,160,117,160,160,160,160,117,160,160,117,160,160,160,160,160,160,160,160,183,160,160,203,203,203,251,251,251,251,251,251,251,251,251,316,316,316,316,316,316,316,343,316,343,343,386,386,386,343,386,386,386,386,386,386,386,386,386,386,386,386,386,386,386,386,316,386,386,316,386,343,343,343,386,316,316,316,316,316,316,316,316,316,316,316,316,316,316,316,251,251,251,251,316,251,291,251,251,251,251,251,291,291,251,251,291,291,291,291,316,316,291,291,316,291,316,316
491,491,491,491,491,491,491,491,491,491,491,491,491,491,478,491,491,491,478,478,478,478,478,478,478,478,478,478,478,452,452,452,452,452,452,386,386,386,386,386,316,316,316,316,316,251,251,251,251,251,219,219,183,183,183,160,160,160,160,160,160,160,160,117,160,117,117,160,117,160,160,117,117,160,160,160,160,160,160,160,160,160,203,160,251,251,251,251,251,251,251,251,251,251,316,316,316,316,316,316,316,343,343,343,316,343,343,343,343,343,343,343,386,343,343,386,386,316,386,386,386,316,316,316,316,316,316,343,343,343,316,316,316,316,316,316,316,316,316,316,316,316,251,251,316,316,251,251,251,251,316,251,251,251,251,251,251,251,251,251,251,251,251,251,251,291,291,291,291,291,291,316,291,291,316
491,491,491,491,491,491,491,491,491,491,491,491,491,478,478,491,478,478,478,478,478,478,478,478,478,478,478,478,452,452,452,432,432,452,386,386,386,386,343,316,316,316,316,316,251,251,251,251,251,251,251,183,160,160,160,160,160,160,160,160,160,160,117,117,117,117,117,117,117,117,117,117,117,160,160,160,160,160,160,160,160,160,160,160,251,251,251,219,203,251,251,251,251,251,251,316,251,316,316,316,316,316,316,343,316,316,343,343,316,386,343,343,316,343,343,343,316,316,343,343,386,316,316,316,316,316,316,316,316,316,316,316,316,251,316,316,316,316,251,316,316,251,251,251,251,251,251,251,251,251,251,251,251,251,251,251,251,251,251,251,251,251,251,251,291,251,291,251,291,291,316,316,291,316,316
491,491,491,491,491,491,491,491,491,491,491,491,491,478,478,491,478,491,478,478,478,478,478,478,478,478,452,432,478,478,432,452,452,452,386,386,386,343,316,316,316,316,316,251,251,251,251,251,251,183,183,183,160,160,160,160,160,160,117,117,117,117,117,117,117,117,117,117,117,117,117,117,160,160,160,160,160,160,160,160,160,160,160,160,160,203,251,251,251,251,251,251,251,251,251,316,251,316,316,316,316,316,316,316,343,316,316,316,316,343,343,316,343,343,343,343,316,316,316,343,316,316,316,316,343,316,316,316,316,316,316,316,316,251,251,316,251,251,251,251,251,251,251,251,251,251,251,251,251,251,251,251,251,251,251,251,251,251,251,251,251,251,251,291,251,251,251,291,291,291,291,316,316,316,316
491,491,491,491,491,491,491,491,491,491,491,478,491,491,491,491,491,478,478,478,491,478,478,478,478,478,432,452,478,478,432,432,452,452,386,386,386,386,343,316,316,316,251,251,251,251,251,251,183,183,183,183,160,160,160,117,117,117,117,117,160,117,117,117,117,117,117,117,117,117,117,117,117,117,160,117,160,160,160,160,160,160,160,160,160,160,203,203,251,219,251,251,251,251,251,251,251,251,316,251,316,316,316,343,316,343,316,316,316,316,316,316,316,343,316,316,316,316,316,316,316,251,316,316,316,316,316,316,316,316,316,251,316,251,251,251,251,251,251,251,251,219,251,251,251,251,251,251,251,251,251,251,251,251,251,251,251,251,251,251,251,251,251,251,291,251,251,251,291,251,291,291,316,316,316
491,491,491,491,491,491,491,491,491,491,491,491,491,491,491,491,491,478,478,478,478,478,478,478,478,478,478,452,452,452,432,432,386,386,386,386,386,386,316,316,316,316,316,251,251,251,251,251,160,183,183,160,160,160,160,117,160,117,117,117,117,117,117,117,117,117,67,117,117,117,117,117,117,117,117,117,117,117,117,160,160,160,160,160,160,160,203,219,219,219,219,251,251,251,251,251,251,251,251,251,251,316,316,251,316,316,316,316,316,316,316,316,316,343,316,316,316,343,316,316,251,251,251,251,251,251,251,251,251,251,251,251,251,251,251,251,251,219,251,251,251,219,219,251,251,219,251,251,251,203,203,251,251,251,251,251,251,251,251,251,251,251,251,251,291,251,251,251,251,251,291,291,251,291,316
491,491,491,491,491,491,491,491,491,491,491,491,491,491,491,478,478,478,478,478,478,478,478,478,478,452,478,452,452,452,432,386,386,386,386,386,316,316,386,316,316,316,251,251,251,251,251,251,251,160,160,160,160,160,160,160,160,117,117,117,117,117,117,117,117,117,117,117,117,117,117,117,117,117,117,117,117,117,160,117,160,160,160,160,160,160,203,203,160,219,251,219,251,251,251,251,251,251,251,251,251,251,251,316,251,251,251,316,316,316,316,251,316,316,251,251,316,316,251,251,251,251,251,251,316,251,251,251,251,251,251,251,251,251,251,251,251,219,219,251,251,251,219,219,251,251,203,219,203,203,203,203,251,251,251,251,251,251,251,203,251,251,251,251,251,251,251,251,251,251,291,251,291,316,291
491,491,491,491,491,491,491,491,491,491,491,491,491,478,491,478,478,478,478,478,478,478,478,478,478,478,452,478,452,478,432,432,432,386,386,386,386,343,316,316,316,316,251,251,251,251,251,251,183,183,183,117,160,117,117,117,117,117,117,117,117,117,117,67,117,117,117,117,117,117,117,117,117,117,117,117,117,117,117,117,160,117,117,160,160,160,160,160,160,160,219,219,219,219,219,251,251,251,251,251,251,251,251,251,251,251,251,251,251,251,316,251,316,251,251,251,251,251,251,251,251,251,251,251,251,251,251,251,251,251,251,251,251,251,251,219,219,251,203,219,219,219,219,219,251,203,203,219,203,203,203,203,203,203,251,251,219,251,251,251,251,251,251,251,251,251,251,251,251,291,291,291,291,291,291
491,491,491,491,491,491,491,491,491,491,491,491,478,478,478,491,478,478,478,478,478,478,478,478,452,452,452,478,452,452,432,432,452,386,386,386,386,386,316,316,316,251,251,251,251,251,251,160,160,183,183,160,160,117,117,117,117,117,117,117,117,117,67,67,67,117,67,67,67,67,117,117,67,117,117,117,117,117,117,117,117,117,117,160,160,160,160,160,160,160,160,160,219,219,219,219,251,251,251,219,251,251,251,251,251,251,251,251,251,251,251,251,251,251,251,251,251,251,251,251,251,251,251,251,251,251,251,251,251,251,251,251,251,251,251,203,203,203,219,219,219,219,219,203,219,219,219,203,203,203,203,203,203,203,203,203,203,203,251,219,251,219,251,251,251,251,251,251,251,251,291,251,291,291,251
478,478,491,491,491,491,491,491,478,491,491,491,491,491,491,478,478,478,478,478,478,478,478,478,478,452,452,432,432,432,452,452,432,386,386,386,386,316,316,343,316,251,251,251,251,251,251,183,183,183,160,160,117,117,117,117,117,117,117,117,67,117,67,67,67,67,67,67,67,117,67,117,117,117,117,117,117,117,117,117,117,117,117,117,160,160,160,160,160,160,160,160,219,219,160,219,219,219,219,219,251,251,219,251,219,203,251,251,251,251,251,251,251,203,251,251,251,251,251,251,251,251,251,251,251,203,203,203,203,203,203,251,203,203,203,160,203,219,160,160,219,160,160,160,219,160,160,203,160,160,160,160,203,203,219,203,203,203,203,203,251,203,251,251,251,251,251,251,251,251,291,251,251,291,251
478,491,491,491,491,491,491,478,478,491,491,491,491,478,478,491,491,478,478,478,478,478,478,478,452,452,432,452,432,432,452,432,386,386,386,386,316,316,316,316,316,251,251,251,251,251,183,183,183,160,160,160,117,117,117,117,117,117,117,117,117,67,67,67,67,67,67,67,67,67,67,67,67,67,117,117,117,117,117,117,117,117,117,117,117,160,160,160,160,160,160,160,160,160,160,160,160,160,219,219,219,219,219,219,251,219,203,251,251,251,251,251,251,251,203,251,251,251,251,251,203,251,160,203,203,203,160,203,160,160,203,160,160,160,160,160,160,160,160,160,160,160,160,160,160,160,160,160,160,160,160,203,160,160,203,160,203,160,203,251,203,203,251,251,251,251,251,251,251,251,251,251,291,251,291
478,491,478,491,491,491,478,491,491,491,491,478,491,478,478,491,478,478,478,478,478,478,478,452,452,478,452,452,432,432,432,432,386,386,386,386,386,316,316,251,251,251,251,251,251,251,183,183,183,183,160,117,160,117,117,117,117,117,117,117,117,67,67,67,67,67,67,67,67,67,67,67,67,67,67,67,117,67,117,117,117,117,117,117,117,117,160,160,117,160,160,117,160,160,160,160,160,160,160,160,160,219,219,160,203,219,203,251,251,251,251,251,203,203,203,203,160,160,203,251,160,203,160,203,160,160,160,160,160,160,160,160,160,160,160,160,160,160,160,160,160,160,160,160,117,160,117,160,160,160,160,160,160,160,160,203,203,203,203,203,203,203,251,251,251,251,251,251,251,251,251,251,251,251,251
491,491,478,491,491,491,478,491,491,491,478,478,478,491,491,478,491,478,478,478,478,478,478,478,478,478,478,452,452,432,432,432,386,386,386,386,316,316,316,316,251,251,251,251,251,251,183,183,160,160,117,160,117,117,117,117,117,117,117,67,67,67,67,67,67,67,67,67,67,67,67,67,67,67,67,67,67,117,67,117,117,117,117,117,117,117,117,117,117,160,160,160,160,160,160,160,160,160,160,160,160,160,160,219,203,219,160,160,160,160,160,160,160,160,203,160,160,160,160,160,160,160,160,203,160,160,160,160,160,160,160,160,160,160,160,160,160,160,160,160,160,160,160,160,160,117,160,160,160,160,160,160,160,160,203,160,160,160,160,160,203,203,251,203,203,203,251,251,251,251,251,251,251,251,251
491,491,478,491,478,491,491,478,478,491,478,491,491,478,478,478,478,478,478,478,452,478,478,478,478,452,478,452,452,432,432,432,432,386,386,386,316,316,316,316,251,251,251,251,251,183,183,160,160,160,160,117,160,117,117,117,117,117,117,67,67,67,67,67,67,67,67,67,67,67,67,67,67,67,67,67,67,67,67,67,67,117,117,117,117,117,117,117,117,117,117,117,160,160,160,160,160,160,160,160,160,160,160,160,219,160,203,160,160,160,160,160,160,160,160,160,203,160,160,160,160,160,160,160,160,160,160,160,117,160,117,117,160,117,117,160,117,117,117,160,160,160,117,160,160,160,117,160,117,160,160,160,160,160,160,160,160,160,160,160,203,160,203,203,203,251,251,251,251,251,251,251,251,251,251
478,491,478,491,478,478,491,491,491,478,478,491,478,491,478,478,478,478,478,478,478,452,478,452,452,452,452,452,452,452,432,386,386,386,386,386,386,316,316,316,316,251,251,251,251,183,183,160,160,160,160,117,117,117,117,117,117,117,67,67,67,67,67,67,67,67,67,67,67,67,67,67,67,67,67,67,67,67,67,67,67,117,117,67,117,117,117,117,117,160,117,160,117,160,160,117,160,160,160,160,160,160,160,160,160,160,160,160,160,160,160,160,160,160,160,160,160,160,160,160,160,160,160,160,117,117,117,117,117,117,117,117,117,117,117,117,117,117,160,117,117,117,117,117,117,117,117,117,117,117,117,160,160,160,160,160,160,160,160,160,160,160,203,203,203,203,203,251,203,251,251,251,251,251,251
478,478,491,478,478,478,478,478,491,491,491,478,478,478,478,491,478,478,478,478,478,478,478,452,452,478,452,452,452,452,452,386,386,386,386,316,316,316,316,251,251,251,251,251,251,183,183,160,160,160,117,160,117,117,117,117,117,117,67,67,67,67,67,67,67,67,67,67,67,67,67,67,67,67,67,67,67,67,67,67,67,117,67,117,117,117,67,67,117,117,117,117,117,117,117,117,117,160,160,117,117,117,160,160,160,160,160,160,160,160,160,160,160,160,160,160,160,117,160,160,117,160,160,117,117,117,117,117,117,117,117,117,117,117,117,117,117,117,117,117,117,117,117,117,117,117,117,117,117,160,160,160,160,117,160,117,160,160,160,160,160,160,160,160,203,203,203,251,203,251,251,251,251,251,251
478,491,491,491,478,478,491,478,478,491,478,478,478,478,478,478,478,478,478,478,478,478,478,452,452,452,452,452,452,452,452,386,386,386,386,316,316,316,316,316,251,251,251,251,251,251,183,160,160,160,117,117,117,117,117,117,67,67,67,67,67,67,67,67,67,67,36,67,67,67,67,67,67,67,67,67,67,67,67,67,67,117,67,67,67,67,67,117,117,117,117,117,117,117,117,117,117,117,160,117,117,117,160,117,117,117,160,117,117,117,160,160,160,160,160,117,117,117,117,117,160,160,117,117,117,117,117,117,117,117,117,117,117,117,117,67,67,117,117,117,117,117,117,117,117,117,117,117,117,117,160,117,117,117,160,117,160,160,160,160,160,160,160,160,160,203,203,203,203,251,251,251,251,251,251
491,478,478,478,478,478,478,478,478,478,478,478,478,478,478,478,478,478,478,478,452,478,452,452,452,452,452,452,452,432,432,386,386,386,386,386,316,316,316,316,251,251,251,251,251,183,160,160,160,160,160,117,117,117,117,117,67,117,67,67,67,67,67,67,67,67,67,36,67,67,67,67,36,36,67,67,67,67,67,67,67,67,67,67,67,117,67,67,67,117,117,117,67,117,117,117,117,117,117,117,117,117,117,117,117,117,117,117,117,117,117,160,117,117,117,160,117,117,117,117,67,117,117,117,67,117,117,117,67,117,117,67,117,117,117,67,67,117,117,117,117,117,117,117,117,117,117,117,117,117,117,117,117,117,117,117,117,117,160,160,160,160,160,160,160,160,203,203,203,203,251,251,251,251,251
478,478,478,478,478,478,478,478,478,478,478,478,478,478,478,478,478,478,478,478,478,452,478,452,452,452,452,452,432,432,432,432,386,386,386,386,316,316,316,316,251,251,251,251,251,183,160,160,160,160,160,117,117,117,117,117,67,67,67,67,67,67,67,67,67,67,36,67,67,36,36,36,36,67,67,67,67,36,67,67,67,67,67,67,67,67,67,67,67,67,67,67,67,117,117,117,117,117,117,117,117,117,117,117,117,117,117,117,117,117,117,117,117,117,117,117,67,117,117,117,117,67,67,117,117,67,117,117,67,67,67,67,67,67,67,67,117,67,67,117,117,67,67,117,117,117,117,117,117,117,117,117,117,117,117,117,117,160,160,160,160,160,160,203,160,203,203,203,203,203,251,251,251,251,251
478,478,478,478,478,478,478,478,478,478,478,478,478,478,478,478,478,478,478,478,452,452,452,452,452,452,452,452,452,432,432,432,386,386,386,316,316,316,316,316,251,251,251,251,251,183,183,160,160,160,117,117,117,117,117,67,67,67,117,67,67,67,67,67,67,67,36,36,36,67,67,36,36,67,67,67,67,67,67,67,67,67,67,67,36,67,67,67,67,67,67,67,67,117,67,117,117,117,117,117,117,117,117,117,117,117,117,117,117,117,117,117,117,117,117,67,117,117,67,117,117,117,67,67,67,67,67,117,117,117,67,67,67,67,117,67,67,67,67,117,67,117,67,117,117,117,117,117,117,117,117,117,117,117,117,117,117,117,160,160,160,160,160,160,160,203,203,203,203,203,251,251,251,251,251
478,478,478,478,478,478,478,478,478,478,478,478,478,478,478,478,478,478,478,478,478,452,452,452,452,478,452,432,452,432,432,386,386,386,432,386,316,316,316,316,251,251,251,251,251,183,183,160,160,160,117,117,117,117,117,67,67,67,67,67,67,67,67,67,67,67,67,67,36,36,67,36,67,36,67,67,67,67,36,67,67,67,67,67,36,67,67,67,67,67,67,67,67,67,117,67,67,67,117,67,117,117,117,117,117,67,67,117,117,117,67,117,67,117,67,67,67,67,67,67,67,67,67,67,67,67,117,67,67,67,67,67,67,67,67,67,67,67,67,67,67,67,67,67,117,117,117,117,117,117,117,117,117,117,117,117,117,117,117,160,160,160,160,160,160,160,203,203,203,203,251,251,251,251,251
478,478,478,478,478,478,478,478,478,478,478,478,478,478,478,478,478,478,478,478,478,452,452,478,452,452,452,452,432,432,386,386,386,386,316,386,316,316,316,251,251,251,251,251,251,251,160,160,160,160,117,117,117,117,67,67,67,117,67,67,67,67,67,67,67,67,67,36,36,36,36,36,36,36,67,67,36,67,36,36,36,67,67,36,67,67,67,67,67,67,67,67,67,67,67,67,67,67,117,67,67,67,67,67,67,67,117,117,117,67,67,67,67,67,67,67,67,67,117,67,67,67,67,67,67,67,67,67,67,67,36,67,67,67,67,67,67,67,67,67,67,67,67,67,67,67,67,117,117,117,117,117,117,117,117,117,117,117,117,160,160,160,160,160,160,203,203,160,160,203,251,251,251,251,251
478,478,478,478,478,478,478,478,478,478,478,478,478,478,478,478,478,478,478,478,478,452,452,478,478,452,452,452,452,452,452,386,386,386,316,316,316,316,316,251,251,251,251,251,251,183,183,183,160,117,183,117,117,117,117,67,67,67,67,67,67,67,67,36,67,67,67,36,67,36,36,36,36,67,67,36,36,67,36,36,67,67,36,67,67,36,67,36,67,67,67,67,67,67,67,67,67,67,67,117,117,67,67,67,67,67,67,67,67,67,67,67,67,67,67,67,67,67,67,67,67,67,67,67,67,67,67,67,67,67,67,67,67,67,67,67,67,67,67,67,67,67,67,67,67,67,117,67,67,67,117,117,117,117,117,117,117,117,117,160,117,160,160,160,160,160,160,203,160,203,203,203,251,251,251
478,478,478,478,478,478,478,478,478,478,478,478,478,478,491,478,478,478,478,478,478,478,478,478,478,452,452,452,452,452,432,386,386,386,386,316,316,316,316,316,251,251,251,251,251,183,183,183,183,183,117,117,117,67,67,67,67,67,67,67,67,67,67,67,36,36,36,36,36,36,36,36,36,36,36,36,36,36,36,36,36,36,36,67,67,67,67,67,67,67,36,67,67,36,67,67,67,67,67,67,67,67,67,67,67,67,67,67,67,67,67,67,67,67,67,67,67,67,67,67,67,67,67,67,36,67,67,36,67,67,67,67,67,67,67,67,67,67,67,67,67,67,67,67,67,67,67,67,67,67,67,117,117,117,117,117,117,117,117,117,117,160,160,160,160,160,160,203,203,203,203,203,251,251,251
478,478,478,478,478,478,478,478,478,478,478,478,478,478,491,478,478,478,478,478,478,478,478,452,452,478,452,452,452,452,452,386,386,386,316,386,316,316,316,251,316,251,251,251,251,251,183,160,160,117,160,160,117,117,67,67,117,67,67,67,67,67,36,36,67,36,36,36,36,36,36,36,36,36,36,36,36,36,36,36,36,36,36,36,67,36,36,36,67,67,36,67,67,67,36,67,67,67,67,67,67,67,67,67,67,67,67,67,67,67,67,67,67,67,67,67,67,67,67,67,67,67,67,67,36,36,67,67,67,36,36,67,67,67,67,67,67,67,67,67,67,67,67,67,67,67,67,67,67,67,67,67,117,117,117,117,117,117,117,117,117,160,160,160,160,160,160,203,203,203,203,251,251,251,251
478,478,478,478,478,478,478,478,478,478,478,478,478,478,478,478,478,478,478,478,478,478,478,478,452,452,478,452,452,452,452,386,386,386,386,343,343,343,316,251,251,251,251,251,251,183,183,160,160,160,160,117,117,117,117,117,117,67,67,67,67,67,36,36,36,36,36,67,36,36,36,36,36,36,36,36,36,36,36,36,36,36,67,36,36,36,36,36,36,36,36,36,67,36,67,36,67,67,67,67,67,67,67,67,67,67,67,67,67,67,67,67,67,67,67,67,67,67,67,67,67,36,36,36,67,36,36,67,36,67,36,67,67,36,67,67,36,36,36,67,67,36,67,67,67,67,67,67,67,67,67,67,67,117,117,117,117,117,117,117,160,117,160,160,160,160,203,203,203,203,251,251,251,251,251
478,478,478,478,478,478,478,478,478,478,478,478,478,478,478,478,478,478,478,478,452,478,478,478,452,478,452,452,452,452,432,386,386,343,386,343,343,343,343,251,251,251,251,251,251,203,183,160,160,160,160,117,67,117,117,117,67,67,67,67,67,67,67,67,67,36,67,36,36,36,36,36,36,36,36,36,36,36,36,36,36,36,36,36,36,36,36,67,36,36,36,67,67,67,36,36,36,67,67,36,67,67,67,67,67,67,67,67,67,67,67,67,67,67,36,36,67,67,36,67,36,67,36,36,36,36,36,36,36,36,36,67,36,67,36,36,36,36,67,36,67,67,67,67,67,67,67,67,67,67,67,67,67,67,117,117,117,117,117,117,117,117,117,160,160,160,160,160,203,203,251,251,251,251,251
478,478,478,478,478,478,478,478,478,478,478,478,478,478,478,478,478,478,478,478,478,452,478,452,432,478,452,432,432,452,432,386,386,386,386,343,316,316,251,316,251,251,251,251,251,251,160,160,160,160,160,160,117,117,117,117,67,67,67,67,36,67,67,67,67,67,67,36,36,36,36,36,36,36,36,36,36,36,36,36,36,36,36,36,67,36,36,67,67,36,36,36,67,36,36,67,36,67,36,36,67,36,67,67,36,67,67,67,36,67,36,67,67,36,36,36,36,36,36,36,36,36,67,67,36,36,36,36,36,36,36,36,36,36,36,36,36,67,36,67,36,67,67,67,67,67,67,67,67,67,67,67,67,67,117,117,117,117,117,117,117,117,117,160,160,160,160,160,160,251,251,251,251,251,251
478,478,478,478,478,478,478,478,478,478,478,478,478,478,478,478,478,478,478,452,452,478,452,452,478,452,452,432,432,432,432,386,386,386,386,343,343,343,316,316,251,251,251,251,251,203,183,203,160,160,160,160,160,117,117,117,67,67,67,67,36,67,67,67,67,36,36,36,36,36,36,36,36,36,36,36,36,36,36,36,36,36,36,36,36,36,36,36,67,36,36,36,36,36,36,67,67,67,36,36,36,36,36,67,67,36,36,36,36,36,36,36,67,36,67,36,67,36,36,36,36,36,36,36,36,36,36,36,36,36,36,36,36,36,67,36,36,36,36,67,67,67,36,67,36,67,67,67,67,67,67,67,67,67,117,67,117,117,117,117,117,160,117,160,160,160,160,160,203,160,251,251,251,251,251
478,478,478,478,478,478,478,478,478,478,478,478,478,478,478,478,478,478,478,478,452,452,478,452,452,452,452,452,432,432,432,386,386,386,386,343,316,316,343,316,316,251,251,251,251,251,183,160,160,160,160,160,160,117,117,117,117,67,67,67,67,67,67,36,67,67,36,36,36,36,36,36,36,36,36,36,36,36,36,36,36,36,36,36,36,36,36,67,36,36,36,36,36,36,36,36,36,67,67,36,36,67,67,36,36,67,36,36,36,36,36,36,67,36,36,36,36,36,36,36,36,36,36,36,36,36,36,36,36,36,36,36,36,36,36,36,36,36,36,36,67,67,36,67,67,67,67,67,67,67,67,67,67,67,117,117,117,117,117,117,117,160,160,160,160,160,160,160,203,251,203,251,251,203,251
478,478,478,478,478,478,478,478,478,478,478,478,478,478,478,478,478,478,478,478,478,478,478,452,452,452,452,432,452,432,452,432,386,386,386,386,386,316,316,316,251,251,251,251,251,251,251,183,160,160,160,160,160,117,117,117,117,67,67,67,67,67,67,67,67,36,67,67,36,36,36,36,36,36,36,36,36,36,36,36,36,36,36,36,36,36,67,36,36,36,36,36,36,36,36,36,36,36,36,36,36,67,67,36,36,67,36,36,36,36,36,36,36,36,36,36,36,36,36,36,36,36,36,36,36,36,36,36,36,36,36,36,36,36,36,67,36,36,36,36,67,67,36,67,67,67,67,67,67,67,67,67,67,67,67,117,117,117,117,117,117,160,160,160,160,160,160,203,203,203,203,203,251,251,251
478,478,478,478,452,452,478,478,478,478,478,478,478,478,478,478,478,478,478,478,452,478,452,478,452,452,452,432,432,432,432,432,386,386,386,386,386,316,316,316,316,316,251,251,251,251,251,183,160,160,160,160,117,117,160,117,117,117,67,67,67,67,67,67,67,67,67,36,67,36,36,36,36,36,36,36,36,36,36,36,36,36,36,36,36,67,67,36,36,36,36,36,36,36,36,36,36,36,36,36,36,36,36,36,36,36,36,36,36,36,36,36,36,36,36,36,36,36,36,36,36,36,36,36,36,36,36,36,36,36,36,36,36,36,36,36,36,36,36,36,36,36,67,67,67,67,67,67,67,67,67,67,67,67,67,67,117,117,117,117,117,117,117,160,160,160,160,203,203,160,251,251,251,251,251
452,478,478,478,478,478,478,478,478,478,478,478,478,478,478,478,478,478,478,478,478,478,452,452,452,452,452,452,432,432,432,386,386,386,386,386,316,316,316,316,316,316,251,251,251,251,203,203,203,160,160,160,160,117,117,117,117,117,67,67,67,67,67,67,67,67,67,36,67,36,36,36,36,36,36,36,36,36,36,36,36,36,36,36,36,36,36,36,36,36,36,36,36,36,36,36,36,36,36,36,36,36,36,36,36,36,36,36,36,36,36,36,36,36,36,36,36,36,36,36,36,36,36,36,36,36,36,36,36,36,36,36,36,36,36,36,36,36,36,36,36,36,67,36,67,67,67,67,67,67,67,67,67,117,67,67,67,117,117,117,117,117,117,117,160,160,203,160,203,203,203,251,251,251,251
478,478,478,452,452,478,478,478,478,478,478,478,478,478,478,478,478,478,452,452,478,478,452,452,452,452,432,452,432,432,432,432,432,386,386,386,386,343,316,316,316,316,251,251,251,251,203,203,183,203,160,160,117,117,117,117,117,117,117,67,67,117,117,67,67,67,36,67,67,67,36,36,36,67,36,36,36,36,36,36,36,36,36,36,36,36,36,36,36,36,36,36,36,36,36,36,36,36,36,36,36,36,36,36,36,36,36,36,36,36,36,36,36,36,36,36,36,36,36,36,36,36,36,36,36,36,36,36,36,36,36,36,36,36,36,36,36,36,36,36,36,36,36,67,67,67,67,67,67,67,67,67,88,67,117,117,67,117,117,117,160,160,160,160,117,203,203,160,203,203,251,251,251,251,251
478,452,478,452,452,478,478,478,478,478,478,478,478,478,478,478,478,452,478,452,478,452,452,452,452,452,452,452,452,432,452,432,432,386,386,386,386,343,343,316,316,316,316,251,251,251,251,203,251,203,160,160,160,117,117,117,117,117,117,117,67,67,67,117,67,67,36,67,67,67,67,67,36,36,36,36,36,36,36,36,36,36,36,36,36,36,36,36,36,36,36,36,36,36,36,36,36,36,36,36,36,36,36,36,36,36,36,36,36,36,36,36,36,36,36,36,36,36,36,36,36,36,36,36,36,36,36,36,36,36,36,36,36,36,36,36,36,36,36,36,36,36,67,67,67,67,67,67,67,67,67,88,88,67,67,117,117,117,117,117,117,160,160,160,160,160,160,203,203,203,251,251,251,251,251
478,478,478,452,478,452,452,478,478,478,478,478,478,478,478,478,478,452,452,478,478,478,452,452,452,452,452,452,452,432,432,432,386,386,386,386,343,343,316,316,316,316,251,251,251,251,251,251,203,251,160,160,160,160,160,117,117,117,117,117,67,117,67,67,67,67,67,67,67,67,67,36,36,36,36,36,36,36,36,36,36,36,36,36,36,36,36,36,36,36,36,36,36,36,36,36,36,36,36,36,36,36,36,36,36,36,36,36,36,36,36,36,36,36,36,36,36,36,36,36,36,36,36,36,36,36,36,36,36,36,36,36,36,36,36,36,36,36,36,36,36,36,67,67,67,67,67,67,67,67,67,67,88,88,117,88,117,88,117,160,160,117,160,160,160,160,203,203,203,251,251,251,251,251,251
478,478,452,452,478,452,452,478,478,478,478,478,478,478,478,478,452,452,452,452,452,478,478,452,452,452,452,452,432,452,432,432,386,386,386,386,386,343,316,316,316,316,316,251,251,251,251,251,203,203,203,160,160,160,117,117,117,117,117,117,117,117,117,67,67,67,67,67,67,67,67,67,36,67,36,36,67,67,67,36,36,36,36,67,36,36,36,36,36,36,36,36,36,36,36,36,36,36,36,36,36,36,36,36,36,36,36,36,36,36,36,36,36,36,36,36,36,36,36,36,36,36,36,36,36,36,36,36,36,36,36,36,36,36,36,36,36,36,36,36,36,36,36,36,67,67,67,67,67,67,67,67,67,117,117,117,88,117,117,117,160,160,160,160,160,160,203,203,251,251,251,251,251,251,251
452,452,478,478,452,478,452,452,478,478,478,478,478,478,478,478,452,478,478,452,478,452,452,452,452,432,432,452,432,432,386,432,386,386,343,343,343,343,316,316,316,316,316,251,251,251,251,251,251,203,203,203,160,160,160,117,160,117,117,117,117,117,67,117,67,67,67,67,67,67,67,67,67,67,67,67,67,67,36,36,36,36,36,67,36,67,36,36,36,36,36,36,67,36,36,36,36,36,36,36,36,36,36,36,36,36,36,36,36,36,36,36,36,36,36,36,36,36,36,36,36,36,36,36,36,36,36,36,36,36,36,36,36,36,36,36,36,36,36,36,67,36,67,36,36,36,36,67,67,67,67,67,67,117,117,88,117,117,117,160,160,160,160,160,203,160,203,203,203,203,251,251,251,251,251
452,452,452,478,452,452,452,452,478,478,478,478,452,478,478,478,452,452,452,452,478,452,452,452,452,452,452,432,432,432,432,432,386,386,386,386,343,343,343,316,316,316,316,251,251,251,251,251,251,203,203,203,160,160,160,117,160,117,117,117,117,117,117,67,117,67,67,67,67,67,67,67,67,67,67,67,67,67,67,67,67,67,67,67,67,36,67,67,36,36,36,36,36,36,36,36,36,36,36,36,36,36,36,36,36,36,36,36,36,36,36,36,36,36,36,36,36,36,36,36,36,36,36,36,36,36,36,36,36,36,36,36,36,36,36,36,36,36,36,36,36,36,67,36,36,36,67,67,88,67,67,67,67,117,117,117,117,117,117,117,160,160,160,160,160,203,203,203,203,251,251,251,251,251,251
452,478,452,452,478,478,478,478,478,478,452,452,478,478,478,452,452,478,452,452,452,452,452,452,432,452,432,432,432,432,432,386,386,386,386,343,343,343,316,343,316,316,316,316,251,251,251,251,251,251,203,160,160,160,160,160,160,117,117,117,117,117,117,117,117,67,67,67,67,67,67,67,67,67,67,67,67,67,67,67,36,67,67,67,36,67,36,67,67,36,67,36,67,36,36,36,36,36,36,36,36,36,36,36,36,36,36,36,36,36,36,36,36,36,36,36,36,36,36,36,36,36,36,36,36,36,36,36,36,36,36,36,36,36,36,36,36,67,67,67,36,36,67,67,67,67,36,67,67,88,117,67,67,88,117,117,117,117,160,117,160,160,160,160,160,203,203,251,251,251,251,251,251,251,251
478,478,452,452,452,452,478,452,478,452,478,478,452,478,452,452,478,452,452,432,452,452,452,452,432,432,432,432,432,432,432,386,386,386,386,386,343,386,316,316,316,316,316,316,316,251,251,251,251,251,251,203,160,160,160,203,160,160,117,160,117,117,117,117,117,67,117,117,67,67,67,67,67,67,67,67,67,67,67,36,67,36,67,36,67,36,67,67,67,67,67,67,36,36,36,67,36,36,36,36,36,36,36,36,67,36,36,36,36,36,36,36,36,36,36,36,36,36,36,36,36,36,36,36,36,36,36,36,36,36,36,36,36,36,36,36,36,67,36,67,67,67,67,36,67,67,67,67,67,67,117,117,117,88,117,117,117,117,160,117,160,160,160,160,160,203,203,203,251,251,251,251,251,251,251
478,452,452,452,452,452,452,478,452,452,452,478,478,452,452,452,452,452,452,452,452,452,432,452,452,432,432,432,432,432,432,386,386,386,386,386,343,343,343,316,316,316,316,316,251,251,251,251,251,251,251,203,160,160,160,160,160,160,160,160,117,160,117,117,117,117,117,117,117,67,67,67,67,67,67,117,67,67,67,67,67,67,36,67,67,67,67,67,67,36,67,67,36,67,67,67,36,67,67,67,36,36,36,36,36,36,36,36,36,36,36,36,36,36,36,36,36,36,36,36,36,36,36,36,36,36,36,36,36,36,36,36,36,36,36,67,67,36,36,67,67,67,67,67,67,67,67,67,67,67,67,117,117,88,117,117,117,117,160,160,160,160,160,160,160,251,203,251,251,251,251,251,316,251,316
452,452,452,452,452,452,452,452,452,452,452,452,452,452,452,452,452,452,432,452,452,432,452,432,452,432,432,432,432,432,432,386,386,386,386,386,316,343,386,343,316,316,316,316,316,251,251,251,251,251,251,251,219,160,203,203,203,160,160,160,117,117,117,117,117,117,117,117,117,67,67,67,67,117,67,67,67,67,67,67,67,67,67,67,67,67,67,67,67,67,36,67,36,67,67,67,36,67,67,67,36,36,67,36,36,36,36,36,36,36,36,36,36,36,36,36,36,36,36,36,36,36,36,36,36,36,36,36,36,36,36,36,67,36,67,36,67,67,67,67,67,67,67,67,67,67,88,67,88,88,117,117,88,88,117,117,117,117,160,160,160,160,160,203,203,203,203,251,251,251,251,251,251,316,251
452,452,452,452,452,452,452,452,432,432,452,452,452,452,452,452,452,452,452,452,432,432,432,432,432,452,432,432,432,432,386,432,386,386,386,316,386,316,316,316,343,316,316,316,316,251,251,251,251,251,251,203,203,203,203,160,160,160,160,160,160,160,160,117,117,117,117,117,67,67,67,117,117,117,117,67,67,67,67,67,67,67,67,67,67,67,67,67,67,67,67,67,67,67,67,67,67,67,67,67,36,67,67,36,67,36,67,67,36,36,36,36,36,36,36,36,36,36,67,36,36,36,36,36,36,36,36,36,36,36,36,36,36,67,36,67,67,67,36,67,67,67,67,67,67,67,88,117,67,117,117,117,67,117,117,117,160,117,160,160,160,160,203,160,203,203,251,251,251,251,251,251,251,316,316
452,452,452,452,452,432,452,452,452,452,452,452,452,452,452,452,452,452,432,452,452,432,432,452,432,432,432,432,432,432,432,386,386,386,386,386,386,386,343,316,316,316,316,316,316,251,251,251,251,251,251,251,219,203,203,251,160,160,160,160,160,160,117,117,117,160,117,117,117,117,117,117,67,67,67,67,67,67,67,67,67,67,67,67,67,67,67,67,67,67,67,67,67,67,67,67,67,67,67,67,67,67,67,67,67,36,36,67,67,36,36,67,36,36,36,36,36,67,36,67,36,36,36,36,36,36,36,36,36,67,36,36,36,67,36,36,67,67,67,67,67,67,88,67,67,67,88,117,67,117,117,117,117,117,160,117,160,160,160,160,160,203,203,203,203,251,251,251,251,251,251,251,251,316,316
432,452,452,452,432,452,432,432,452,452,452,452,452,452,452,452,452,452,452,452,432,432,432,432,432,432,432,432,432,432,386,386,386,386,386,386,386,343,343,343,316,316,316,316,316,251,251,251,251,251,251,251,203,219,203,160,203,160,160,160,160,160,160,160,117,117,117,160,117,117,117,117,117,117,67,117,117,67,67,67,67,67,67,67,67,67,67,67,67,67,67,67,67,67,67,67,67,67,67,67,67,67,67,67,67,67,67,67,67,36,36,67,67,67,36,36,36,36,67,36,36,36,36,36,36,36,67,36,36,36,67,36,36,67,67,67,67,67,67,67,67,67,67,67,88,67,67,88,88,117,117,117,117,117,117,117,117,160,160,160,160,160,203,251,251,251,251,251,251,251,316,251,251,316,316
386,452,432,432,452,432,432,452,432,452,452,452,452,452,452,432,432,432,432,452,432,432,432,432,432,432,432,432,432,386,386,386,386,386,386,343,343,386,343,316,316,316,316,316,316,251,251,251,251,251,251,251,251,219,203,203,203,203,203,160,160,160,160,160,160,117,160,117,117,117,117,117,117,117,117,117,117,117,117,67,67,67,67,67,67,67,67,67,67,67,67,67,67,67,67,67,67,67,67,67,67,67,67,67,67,67,67,67,67,36,67,36,67,67,67,67,67,36,36,67,36,36,67,36,67,36,36,67,67,67,67,67,67,36,67,67,67,67,67,67,67,67,67,67,67,67,67,117,117,117,117,117,117,117,117,160,160,160,160,160,160,203,251,251,251,203,251,251,251,251,316,316,251,316,316
386,452,386,432,452,386,432,432,432,432,452,432,452,432,432,432,432,432,432,432,432,432,432,432,432,432,432,432,386,386,386,386,386,386,386,343,343,343,343,343,316,316,316,316,251,251,251,251,251,251,251,251,251,219,203,203,203,160,160,160,160,160,160,160,160,117,117,117,117,117,117,117,117,117,117,117,117,117,117,67,67,117,67,67,67,67,67,67,117,67,67,117,67,67,67,67,67,67,67,67,67,67,67,67,67,67,67,67,67,67,67,67,67,67,36,67,67,67,67,67,67,67,67,67,67,67,67,67,67,67,67,67,67,67,67,67,67,67,67,67,117,67,117,67,67,117,67,117,117,117,117,117,117,160,160,160,160,160,160,160,160,203,203,251,251,251,251,251,251,316,316,316,316,316,316
386,386,386,386,386,432,432,432,432,432,432,452,452,386,452,432,432,432,432,432,432,432,432,386,432,386,386,386,432,386,386,386,386,386,343,386,316,316,343,343,316,316,316,316,316,251,251,251,251,251,251,251,251,219,219,203,219,203,160,160,160,183,160,160,160,160,117,160,117,117,117,117,117,117,117,117,117,117,117,117,117,67,67,67,67,67,67,117,67,117,67,67,67,67,117,67,67,67,67,67,67,67,67,67,67,67,67,67,67,67,67,67,67,67,67,67,67,67,67,67,67,67,67,67,67,67,67,67,67,67,67,67,67,67,67,67,67,67,67,67,67,67,117,88,117,117,117,117,117,117,117,117,117,117,160,160,160,160,160,160,203,160,203,251,251,251,251,251,251,251,316,316,316,316,316
386,386,386,386,386,386,432,432,432,432,452,386,432,432,432,432,432,432,432,432,432,432,432,432,386,386,386,386,386,386,386,386,386,343,386,343,343,316,343,316,343,316,316,316,316,251,251,251,251,251,251,251,251,251,219,219,219,183,183,160,160,183,160,160,160,160,160,117,117,117,117,117,117,117,117,117,117,117,117,117,117,117,67,117,67,117,67,117,67,67,117,67,117,67,67,67,67,67,67,67,67,67,67,67,67,67,67,67,67,67,67,67,67,67,67,67,67,67,67,67,67,67,67,67,67,67,67,67,67,67,67,67,67,67,67,67,67,67,67,67,67,67,117,117,67,117,117,117,117,117,117,160,117,160,160,160,160,160,160,160,203,251,251,251,251,251,251,251,251,316,316,316,316,316,316
316,386,386,386,386,386,386,386,386,386,432,432,386,386,386,432,386,386,386,386,432,386,432,386,386,386,386,386,386,386,386,386,343,343,343,343,343,316,316,316,316,316,316,316,316,316,251,251,251,251,251,251,219,219,219,219,219,219,203,183,203,203,160,160,160,160,160,117,117,117,117,117,117,117,117,117,117,117,117,117,117,117,117,117,117,117,117,67,117,117,117,117,67,117,117,117,117,117,67,117,117,67,67,67,67,67,117,67,67,67,117,67,67,67,67,67,67,67,67,67,67,67,67,67,67,67,67,67,67,67,67,67,67,67,67,67,67,67,67,67,117,117,117,117,117,117,117,117,117,160,160,160,160,160,160,160,160,203,203,203,203,203,251,251,251,251,251,251,251,316,316,316,316,316,343
316,386,386,343,386,386,386,386,386,386,386,386,386,386,386,386,386,386,386,386,386,386,432,432,386,386,386,386,343,386,386,386,343,343,343,343,343,343,316,316,316,316,316,316,316,251,251,251,251,251,251,251,251,251,251,219,219,219,219,203,203,183,160,160,160,160,160,160,160,160,160,117,160,117,160,117,160,117,117,117,117,117,117,117,117,67,117,117,117,117,117,117,117,117,117,117,117,67,117,117,117,67,67,67,67,117,67,67,67,67,67,67,67,67,67,67,67,67,67,67,67,117,67,117,117,67,67,67,67,117,117,117,117,67,67,67,117,117,117,117,117,117,117,117,117,117,117,117,117,117,160,160,160,160,160,203,160,203,203,203,203,251,251,251,251,251,251,251,251,316,316,316,316,316,316
343,316,343,386,316,386,316,386,386,386,386,386,386,386,386,386,386,386,386,386,386,386,386,386,386,386,386,343,343,386,386,343,343,316,343,316,316,343,316,316,316,316,316,316,251,251,251,251,251,251,251,251,251,251,251,251,219,219,219,219,160,183,183,183,160,160,160,160,160,160,160,160,117,160,160,160,117,117,117,117,117,117,117,117,117,117,117,117,117,117,117,117,117,117,117,117,117,117,117,117,117,67,67,67,117,67,117,117,117,117,117,117,67,67,67,67,67,67,67,67,67,67,67,67,67,67,67,117,117,117,67,67,117,117,117,117,117,117,117,117,117,117,117,117,117,117,160,160,117,160,160,160,160,160,160,160,203,203,203,251,251,251,251,251,251,251,251,251,316,316,316,316,343,343,316
316,316,316,316,316,316,316,386,316,316,316,386,316,386,343,386,386,343,343,386,386,386,386,386,386,343,386,343,343,316,343,343,316,343,316,343,316,316,343,316,316,316,316,316,251,251,251,251,251,251,251,251,251,251,251,251,219,219,203,203,219,183,219,203,203,160,160,160,160,160,160,160,160,160,160,117,117,117,160,117,117,117,117,160,117,117,117,117,117,117,117,117,117,117,117,117,117,117,117,117,117,67,117,117,117,117,67,67,67,67,67,67,117,117,117,117,117,67,67,67,117,67,67,67,67,117,67,117,117,117,67,117,67,117,117,117,117,117,117,117,117,117,160,117,117,160,160,160,160,160,160,203,203,203,203,203,203,203,203,251,251,251,251,251,251,251,316,316,316,316,316,316,343,343,343
316,316,316,316,316,316,316,343,316,316,316,316,316,316,343,343,343,343,316,386,386,343,343,343,343,343,316,343,343,343,343,316,343,343,316,316,316,316,316,316,316,316,316,316,251,251,251,251,251,251,251,251,251,251,251,219,251,219,219,219,183,183,183,203,203,183,160,183,160,160,160,160,160,160,160,117,160,160,160,160,117,117,117,117,117,117,117,117,117,117,117,117,117,117,117,117,117,117,117,117,117,117,117,117,117,117,117,117,67,117,67,117,117,117,117,117,117,117,67,117,117,67,117,117,117,117,117,117,117,117,117,117,117,117,117,117,117,160,117,117,117,117,117,160,160,160,160,160,160,160,203,160,203,203,251,203,203,251,251,251,251,251,251,251,316,316,251,316,316,316,316,316,316,316,343
316,316,316,316,316,316,316,316,316,316,316,316,316,343,316,316,316,316,316,316,386,316,316,343,316,343,316,316,343,343,343,343,316,316,316,316,316,316,316,316,316,316,316,316,251,316,251,251,251,251,251,251,251,251,251,251,219,219,219,183,183,219,183,219,183,203,183,183,160,183,160,160,160,160,160,160,160,160,160,160,160,160,117,117,160,117,117,160,117,117,117,117,117,117,117,117,117,117,117,117,117,117,117,117,117,117,117,117,117,117,117,117,117,117,117,117,117,117,117,117,117,117,117,117,117,117,117,117,117,117,117,117,117,117,117,160,160,117,117,160,117,117,117,160,160,160,160,160,160,160,203,203,203,203,203,203,251,251,251,251,316,251,251,251,316,316,316,316,316,316,316,316,343,343,343
251,316,251,316,251,316,316,251,316,316,316,316,316,316,316,316,316,316,316,316,316,316,316,316,316,316,316,316,316,316,316,316,316,316,316,316,316,316,316,316,251,316,316,251,251,251,251,251,251,251,251,251,251,219,251,251,219,251,219,219,219,183,219,183,219,183,203,160,183,160,183,160,160,160,160,160,160,160,160,160,160,160,160,117,160,160,117,117,160,117,117,160,117,117,160,117,117,117,117,117,117,117,117,117,117,117,117,117,117,117,117,117,117,117,117,117,117,117,117,117,117,117,117,117,117,117,117,117,117,117,117,117,117,160,160,117,160,160,117,117,160,117,160,160,160,160,160,160,160,203,203,203,251,203,203,203,251,251,251,251,251,251,316,316,316,316,316,316,316,316,316,343,343,343,316
251,251,251,251,251,251,251,316,251,316,316,316,316,316,316,316,316,316,316,316,316,316,316,316,316,316,343,316,316,316,316,316,316,316,316,316,316,316,316,251,251,251,251,251,251,251,251,251,251,251,251,251,251,251,251,251,251,183,219,219,219,219,219,203,183,203,183,183,160,183,160,160,160,160,160,160,160,160,160,160,160,160,160,160,160,160,117,160,160,160,160,117,160,160,117,160,117,117,117,117,117,117,117,117,117,117,117,117,117,117,117,117,160,117,117,117,117,117,117,117,117,117,117,117,117,117,117,117,117,160,117,117,117,160,160,160,160,117,160,160,160,160,160,160,160,203,160,203,203,203,203,203,251,251,251,251,251,251,251,251,251,316,316,316,316,316,316,316,316,316,343,343,343,343,343
251,251,251,251,251,251,251,251,251,251,251,251,251,251,251,316,251,316,251,316,316,316,316,316,251,316,251,316,316,316,316,316,316,316,251,316,251,251,251,251,251,251,251,251,251,251,251,251,251,251,251,251,251,251,251,219,219,251,251,251,219,219,219,203,183,183,183,183,183,160,160,160,160,160,160,160,183,160,160,160,160,160,160,160,160,160,160,160,160,160,160,160,117,117,160,160,117,160,117,160,117,117,117,117,117,160,160,160,117,117,117,117,160,117,117,117,117,117,117,117,117,117,117,117,117,117,117,117,117,117,160,160,160,160,160,160,160,160,160,160,160,160,160,160,203,160,160,203,203,251,251,251,251,251,251,251,251,251,251,251,316,316,316,316,316,316,316,316,316,316,343,386,343,386,343
251,251,251,251,251,251,251,251,251,251,251,251,251,251,251,251,251,251,251,251,251,251,251,251,251,251,251,251,251,251,251,251,251,251,251,251,251,251,251,251,251,251,251,251,251,251,251,251,251,251,251,251,251,251,251,251,251,219,251,219,219,219,219,219,219,183,183,183,183,183,183,183,183,160,160,160,160,160,160,160,160,160,160,160,160,160,160,160,160,160,160,160,160,160,160,160,117,117,160,160,160,117,117,160,117,160,160,160,160,117,117,117,160,160,160,117,117,117,160,117,117,117,117,117,117,117,160,117,117,160,160,160,160,160,160,160,160,160,160,160,160,160,160,160,203,160,203,251,203,251,251,251,203,251,251,251,251,251,251,251,316,316,316,316,316,316,316,316,343,343,343,386,343,386,343
251,251,251,251,251,251,251,251,251,251,251,251,251,251,251,251,251,251,251,251,251,251,251,251,251,251,251,251,251,251,251,251,251,251,251,251,251,251,251,251,251,251,251,251,251,251,251,251,251,251,251,251,251,251,251,251,251,251,219,219,219,219,219,219,203,203,183,183,183,203,183,183,183,183,183,160,183,160,183,160,183,160,160,160,160,160,160,160,160,160,160,160,160,160,160,160,160,160,160,160,160,160,160,160,160,160,160,160,160,160,160,160,160,160,160,160,117,160,117,160,160,117,117,160,160,117,160,160,160,160,160,160,160,160,160,160,160,160,160,160,160,160,160,251,203,251,203,251,203,251,251,251,251,251,251,251,251,251,316,316,316,316,316,316,316,316,316,316,343,386,343,343,343,386,386
160,160,160,160,160,251,160,251,251,251,251,251,251,251,251,251,251,251,251,251,251,251,251,251,251,251,251,251,251,251,251,251,251,251,251,251,251,251,251,251,251,251,251,251,251,251,251,251,251,251,251,251,251,251,251,251,251,251,219,219,219,219,219,203,203,203,183,183,183,183,183,203,203,183,183,183,183,203,160,160,183,160,160,160,160,160,160,160,160,160,160,160,160,160,160,160,160,117,160,160,160,160,160,160,160,160,160,160,160,160,160,160,160,160,160,160,160,160,160,160,160,160,160,160,160,160,160,160,160,160,160,160,160,160,160,160,160,160,251,203,203,251,251,203,251,251,251,251,251,251,251,251,251,251,251,251,251,251,316,316,316,316,316,316,316,316,316,316,316,386,343,386,386,386,386
160,160,117,160,160,160,160,160,160,160,160,251,160,160,160,160,251,160,251,251,251,251,251,251,251,251,251,251,251,251,251,251,251,251,251,251,251,251,219,251,251,251,251,251,251,219,251,251,251,251,251,251,251,251,251,251,219,219,219,219,219,219,219,203,203,203,203,183,183,183,183,183,183,203,183,183,203,183,203,160,160,160,160,160,160,160,160,160,160,160,160,160,160,160,160,160,160,160,160,160,160,160,160,160,160,160,160,160,160,160,160,160,160,160,160,160,160,160,160,160,160,160,160,160,160,160,160,160,160,160,160,160,203,160,160,203,160,203,203,203,251,251,251,251,251,251,251,251,251,251,251,251,251,251,251,251,251,316,316,316,316,316,316,316,343,316,343,316,316,386,386,386,386,386,386
160,160,160,160,117,117,160,117,160,160,160,160,117,160,160,160,160,160,160,160,160,160,251,251,251,251,160,251,251,251,251,251,251,251,251,219,219,251,251,251,251,251,251,219,219,219,251,251,251,251,251,251,219,251,219,251,251,219,219,219,219,219,219,203,203,203,203,203,183,203,183,203,183,203,203,203,183,203,203,203,160,203,183,160,160,160,160,183,160,183,183,160,160,160,160,160,160,183,160,160,160,160,160,160,160,160,160,160,160,160,160,160,160,160,160,160,160,160,160,160,160,160,203,203,160,160,203,160,160,203,203,203,203,251,203,203,251,251,251,251,251,251,251,251,251,251,251,251,251,251,251,251,251,251,316,316,316,316,316,316,316,316,316,316,316,343,316,343,386,343,386,386,386,386,386
117,160,117,117,160,160,160,160,160,160,160,160,160,160,160,160,160,160,160,160,160,160,160,160,160,160,160,160,160,160,251,219,219,160,251,219,160,219,251,219,219,219,251,219,219,251,219,251,251,251,251,219,219,251,251,219,219,219,219,219,183,219,219,203,219,203,183,183,203,183,203,183,203,203,183,183,183,203,203,183,183,203,160,160,160,160,183,183,160,160,183,160,183,183,160,183,160,160,203,203,160,203,160,219,160,160,160,160,160,160,160,160,160,160,160,203,160,203,160,160,160,203,203,203,160,203,203,203,251,203,203,251,203,203,251,251,251,251,203,251,251,251,251,251,251,251,251,251,251,251,316,251,251,251,316,316,316,316,316,316,316,316,343,316,316,316,343,343,386,343,386,386,386,386,386
117,160,117,117,117,117,117,117,117,117,160,117,160,160,160,160,117,160,160,160,160,160,160,160,160,160,160,160,160,160,160,160,160,160,251,160,160,160,219,160,219,219,219,219,219,219,219,251,251,219,219,219,219,219,219,219,219,219,219,219,219,219,183,203,203,203,203,183,203,203,183,203,203,183,203,203,183,183,203,203,203,203,160,183,160,183,183,160,183,160,160,183,219,183,183,203,203,203,160,203,203,160,160,160,219,160,160,219,160,160,219,160,160,203,203,203,203,251,203,203,203,203,251,203,203,203,203,251,203,251,251,251,251,251,251,251,251,251,251,251,251,251,251,251,251,251,251,251,251,251,316,251,316,316,251,316,316,316,316,316,316,316,316,343,386,386,343,386,386,386,386,386,386,386,386
160,117,117,117,117,117,117,117,117,117,117,160,117,117,117,160,160,160,160,117,117,160,160,160,160,160,160,160,160,160,160,160,160,160,160,160,160,160,160,219,219,160,219,219,219,219,219,219,219,251,219,219,251,219,219,219,219,219,183,203,203,219,203,203,203,203,203,203,203,203,203,203,203,203,203,203,203,183,203,203,203,203,160,203,183,219,219,160,219,183,183,183,219,183,183,183,203,203,203,203,203,203,219,219,251,219,160,219,160,219,219,160,219,219,219,251,203,251,251,219,203,203,203,203,251,203,203,251,251,251,251,251,251,251,251,251,251,251,251,251,251,251,251,251,251,251,316,251,251,316,316,316,316,316,316,316,316,316,316,316,343,316,343,343,316,343,343,343,386,386,386,386,386,386,386
117,160,117,117,117,117,117,117,117,117,117,117,117,117,117,117,117,117,117,160,117,160,117,117,117,160,117,160,117,160,160,160,160,160,160,160,160,160,160,160,160,160,160,160,183,219,219,219,219,183,160,219,160,219,219,219,183,183,183,183,203,203,203,203,203,203,203,203,203,203,203,203,203,203,203,183,183,183,183,203,203,203,203,219,219,219,219,219,219,219,219,219,219,183,219,219,219,203,219,203,203,203,219,219,203,219,219,219,219,219,251,251,251,219,219,251,219,219,251,219,203,251,219,251,251,251,251,251,251,251,251,251,251,251,251,251,251,251,251,251,251,251,316,251,251,316,316,316,316,316,316,316,316,316,316,316,316,316,343,316,343,343,343,386,343,386,386,386,386,386,386,386,386,386,386
117,117,117,117,117,67,117,117,67,67,67,117,117,117,117,117,117,117,117,117,117,117,117,160,117,117,117,160,117,117,160,117,160,160,160,160,160,160,160,160,160,160,160,160,160,183,160,183,183,183,219,160,160,219,160,183,183,183,203,183,203,219,219,183,203,203,203,203,203,203,203,203,203,203,203,203,183,183,203,203,203,219,219,219,219,219,219,219,219,219,219,219,183,219,219,219,203,219,203,203,203,219,219,219,219,219,251,251,251,219,251,219,251,251,251,219,251,219,251,219,251,251,251,251,251,251,251,251,251,251,251,251,251,251,251,251,251,251,251,251,251,316,251,316,316,316,316,316,316,316,316,316,316,316,316,343,316,343,343,316,386,343,343,343,386,386,386,386,386,386,386,386,386,386,386
67,67,117,67,67,67,67,67,67,36,67,67,67,67,117,117,117,67,117,117,117,117,67,117,117,117,117,117,117,117,117,117,117,117,117,160,160,160,160,160,160,160,160,160,160,160,160,160,183,183,160,219,160,183,160,219,160,160,183,160,183,203,203,183,203,203,203,203,203,203,183,183,203,203,203,203,203,203,219,183,203,203,219,219,219,219,219,219,219,219,203,203,203,219,183,219,219,219,203,203,219,219,203,219,251,219,251,251,251,219,251,251,251,251,251,251,251,251,251,251,251,251,251,251,251,251,251,251,251,251,251,251,251,251,251,251,251,251,251,316,316,251,316,316,316,316,316,316,316,316,343,316,343,343,343,316,343,316,343,343,343,343,343,386,386,386,386,386,386,386,386,386,386,386,386
67,67,117,117,67,67,67,67,67,67,36,67,67,67,67,67,67,67,67,117,67,67,67,117,67,117,117,117,117,117,117,160,117,117,160,117,117,117,117,160,117,160,160,160,160,160,160,160,160,160,160,160,160,183,160,183,183,183,203,183,183,160,219,203,203,203,203,203,203,203,183,203,203,203,203,203,203,203,219,203,219,203,219,219,219,219,219,219,203,219,203,251,219,251,203,219,219,219,251,219,251,219,251,251,251,251,251,251,251,219,251,251,251,251,251,251,251,251,251,251,251,251,251,251,251,251,251,251,251,251,251,251,251,251,251,251,251,251,316,316,316,316,316,316,316,316,316,316,316,343,343,343,343,343,343,343,343,343,343,343,386,386,343,386,386,386,386,386,386,386,386,386,386,386,386
67,67,117,67,67,67,67,36,36,36,67,36,36,36,67,117,67,36,117,67,67,67,67,67,67,67,117,117,67,67,117,117,117,117,117,117,117,117,160,117,160,117,160,117,160,160,160,160,160,160,160,160,160,160,183,183,183,183,203,160,203,203,203,203,203,203,203,203,183,203,203,203,183,183,203,203,203,203,203,203,203,219,219,219,219,219,219,219,219,203,251,251,251,251,251,219,251,219,219,251,219,251,251,251,251,251,251,251,251,251,251,251,251,251,251,251,251,251,251,251,251,251,251,291,251,251,251,251,251,251,251,316,316,316,316,251,316,316,316,316,316,316,316,343,316,316,316,316,316,316,343,343,343,343,343,343,343,343,316,386,343,386,386,386,386,386,386,386,386,386,386,386,386,386,386
67,36,67,67,67,36,67,36,67,67,67,67,36,36,36,36,67,67,67,67,67,67,67,67,67,67,67,67,67,67,67,67,117,67,117,117,117,117,117,117,117,160,117,160,160,160,160,160,160,160,160,160,160,160,160,183,160,160,160,160,160,160,203,203,183,203,183,183,203,183,203,203,183,183,183,203,203,203,203,183,203,219,219,219,219,219,219,219,219,203,251,251,251,251,251,251,251,251,251,251,251,219,251,251,251,203,251,251,251,251,251,251,251,251,251,251,251,251,251,251,251,251,291,251,316,251,316,251,251,251,316,316,316,316,316,316,316,316,316,316,316,343,316,316,316,343,316,343,316,316,386,343,343,386,343,343,386,343,386,386,386,386,386,386,386,386,386,386,386,386,386,386,386,386,386
67,67,67,36,67,36,36,36,36,36,67,36,36,36,36,36,36,36,67,36,36,67,67,67,67,67,67,67,67,67,67,67,67,67,117,117,117,117,117,117,117,117,117,117,160,117,160,160,117,160,117,160,160,160,160,160,183,160,160,183,203,160,160,203,160,183,183,183,183,183,203,203,183,203,203,183,183,203,203,203,203,219,219,219,219,219,219,219,219,219,251,219,219,219,251,251,251,219,251,251,251,251,251,251,251,251,251,251,251,251,251,251,251,251,251,251,251,251,251,291,251,291,291,251,291,251,316,316,316,316,316,316,316,316,316,316,316,316,316,316,316,343,316,343,316,316,343,343,343,386,343,343,343,386,343,343,343,386,386,386,386,386,386,386,386,386,386,386,386,386,386,386,386,386,386
67,67,36,67,36,67,36,36,36,36,4,36,4,4,36,36,36,36,36,36,36,36,36,36,67,67,67,36,67,67,67,67,67,67,67,117,67,67,67,67,117,117,117,117,117,117,117,117,117,117,117,117,160,160,160,160,160,160,160,160,160,160,160,183,160,160,160,183,160,203,183,183,183,203,203,183,203,183,183,183,219,219,219,219,219,219,219,219,219,251,219,219,251,251,251,251,251,251,251,251,251,251,251,251,251,251,251,251,251,251,251,251,251,251,251,291,251,291,291,251,291,251,251,251,251,316,316,316,316,316,316,316,316,316,316,316,316,316,343,316,316,343,316,343,343,316,343,343,343,316,343,343,343,386,386,343,386,386,386,386,386,386,386,386,386,386,386,386,386,386,386,386,386,386,386
36,67,36,4,36,36,36,36,36,36,36,36,36,36,36,36,36,36,36,36,36,36,36,36,67,36,67,67,67,36,67,36,67,67,67,67,67,117,67,117,67,117,117,117,117,117,117,117,117,117,117,117,160,117,160,160,160,160,160,183,160,160,160,160,160,183,183,203,160,160,183,160,160,183,183,183,183,183,183,203,183,183,219,219,219,219,219,219,251,219,219,219,219,219,251,251,251,251,251,251,251,251,251,251,251,251,251,251,251,251,251,251,251,251,251,251,291,291,291,316,251,291,316,291,316,316,316,316,316,316,316,316,343,316,316,316,343,343,343,343,343,343,343,343,343,343,343,386,343,386,386,343,386,386,386,386,386,386,386,386,386,386,386,386,386,386,386,386,386,386,386,386,386,386,386
67,67,4,36,36,36,36,36,36,36,4,36,36,36,36,36,36,36,36,36,36,36,36,36,36,36,36,36,36,36,36,67,67,36,36,67,67,67,67,67,67,117,117,117,117,117,117,117,117,117,117,117,117,117,117,160,117,160,160,160,160,160,160,160,160,160,160,160,160,160,183,160,160,183,183,183,183,203,203,203,219,219,219,219,219,219,219,219,219,251,219,219,251,251,251,251,251,251,219,251,251,251,251,251,251,251,251,251,251,251,251,251,251,251,251,291,291,251,316,291,316,316,291,316,316,316,316,316,316,316,316,316,343,316,316,343,343,343,343,343,343,343,343,343,316,343,343,386,386,386,343,343,386,386,386,386,386,386,386,386,386,386,386,386,386,386,386,386,386,386,386,386,386,386,386
36,36,4,36,36,4,36,36,4,4,36,36,36,36,36,36,36,36,36,36,36,36,36,36,36,36,36,36,36,36,36,36,36,36,36,67,36,67,67,67,67,67,67,117,117,117,117,117,117,117,117,117,117,117,117,117,160,160,160,160,160,160,160,160,160,160,160,160,183,183,160,160,183,160,160,160,183,183,160,183,183,183,183,219,219,219,219,219,219,219,219,251,251,251,251,251,251,251,251,251,251,251,251,251,251,251,251,251,251,291,251,251,251,291,251,316,291,316,316,316,316,316,316,316,343,343,316,343,343,316,316,316,316,316,343,343,343,343,343,343,343,386,343,343,386,386,386,386,386,386,343,386,386,386,386,386,386,386,386,386,386,386,386,386,386,386,386,386,386,386,386,386,386,386,386
36,36,36,36,4,36,36,36,36,4,4,36,36,36,36,36,36,36,4,36,4,4,4,4,36,36,36,36,36,36,36,36,36,36,36,36,67,36,67,67,67,67,67,67,67,117,67,117,117,117,117,117,117,117,160,117,117,117,160,160,160,160,160,160,160,160,160,160,160,183,183,183,183,160,160,160,183,183,203,203,203,183,219,203,219,219,219,219,219,219,219,251,251,251,251,251,251,251,251,251,251,251,251,251,251,251,251,251,251,291,291,251,291,291,291,316,316,316,316,316,291,316,316,316,316,316,343,316,343,316,316,316,316,343,343,343,343,343,343,343,386,343,386,386,386,386,386,386,386,386,386,386,386,386,386,386,386,386,386,386,386,386,386,386,386,386,386,386,386,386,386,386,386,386,386
36,36,36,36,4,4,4,36,4,36,4,36,4,36,36,36,36,36,4,36,4,4,36,4,36,36,36,36,36,36,4,36,4,36,36,67,67,67,36,67,67,67,67,67,67,67,117,117,117,117,117,117,117,117,117,117,117,117,160,160,160,160,117,160,160,160,160,160,160,160,160,160,160,160,160,160,160,183,183,183,203,183,183,183,183,203,203,219,219,219,219,251,251,251,251,251,251,251,251,251,251,251,251,251,251,251,251,251,291,291,291,291,291,316,291,291,316,316,316,316,316,316,316,316,316,316,343,343,316,316,343,316,343,343,386,343,343,343,343,343,343,386,386,386,386,386,386,386,386,386,386,386,386,386,386,386,386,386,386,386,386,386,386,386,386,386,386,386,386,386,386,386,386,386,386
36,4,36,4,4,4,4,4,36,36,36,4,36,4,36,4,4,4,36,4,36,4,4,36,4,36,36,36,4,36,36,4,4,36,36,67,36,36,67,67,67,67,67,67,67,67,67,67,88,117,117,117,117,117,117,117,117,117,117,117,160,160,160,160,160,117,160,160,160,160,160,160,160,160,160,160,160,183,183,183,183,183,183,183,183,183,219,219,219,219,219,219,251,251,251,251,251,251,251,251,251,251,251,251,251,251,251,251,251,251,291,316,291,291,316,316,316,316,316,316,316,343,343,343,316,316,343,343,343,316,343,343,343,386,343,386,343,386,343,343,386,386,386,386,386,386,386,386,386,386,386,386,386,386,386,386,414,386,386,414,414,386,414,414,414,386,386,386,386,386,386,386,386,386,386
36,4,4,4,4,4,4,4,4,36,4,4,4,36,4,4,4,4,4,4,4,4,4,4,4,4,4,36,4,4,4,4,36,36,36,36,36,36,67,67,67,67,67,67,67,67,67,88,117,88,117,88,88,117,117,117,117,117,117,117,117,117,117,117,160,117,117,160,160,160,160,160,160,160,160,160,160,160,160,183,183,183,183,183,203,219,183,219,219,219,219,219,219,251,251,251,251,251,251,251,251,251,251,251,251,251,251,291,251,251,291,291,316,316,316,316,316,316,316,316,316,316,343,316,343,343,343,343,386,343,343,343,343,386,386,386,386,343,386,386,386,386,386,386,386,386,386,386,386,414,414,414,414,386,386,414,386,414,414,386,414,414,414,414,414,386,386,386,386,386,386,386,386,386,386
4,36,4,4,4,4,4,4,4,4,4,4,4,4,4,36,4,4,4,4,4,4,4,4,4,4,4,4,36,36,36,36,36,36,36,36,36,36,36,67,67,67,67,67,67,67,67,117,67,67,88,67,117,88,117,88,117,117,117,117,117,117,117,160,117,117,160,160,160,160,160,160,160,160,160,160,160,160,160,183,183,183,183,183,183,183,183,219,219,219,251,251,219,219,251,251,251,219,251,251,251,251,251,251,251,251,251,291,291,291,291,316,316,316,316,316,316,316,316,343,343,316,343,343,343,386,343,386,343,343,343,386,386,386,343,386,386,386,386,386,386,386,386,414,386,386,386,414,414,386,386,414,414,386,386,414,414,386,386,414,386,414,386,414,414,386,386,386,386,386,386,386,386,386,386
4,4,4,4,4,4,4,4,4,4,4,4,4,4,4,4,4,4,4,4,4,4,4,4,4,4,4,4,36,4,36,4,4,4,4,4,4,36,36,36,67,36,67,67,67,67,67,67,117,88,88,67,88,117,117,117,67,117,117,117,117,117,117,117,117,117,117,160,160,160,160,160,160,160,160,160,160,183,183,183,183,183,183,183,183,183,183,219,219,219,203,219,251,251,251,251,219,251,251,251,251,251,251,251,251,251,251,291,291,291,291,316,316,316,291,316,316,316,316,343,316,343,343,343,343,343,343,343,343,343,386,386,386,386,386,386,386,386,386,386,386,386,386,386,414,414,414,386,414,414,414,414,386,414,414,414,414,414,414,414,414,414,414,386,386,386,386,386,386,414,386,386,386,386,386
4,4,4,4,4,4,4,4,4,4,4,4,4,4,4,4,4,4,4,4,4,4,4,4,4,4,4,4,4,4,4,4,4,4,4,4,36,36,4,67,36,36,67,67,36,36,67,67,88,67,67,88,88,88,67,117,88,117,117,117,117,117,117,160,117,117,117,117,160,160,160,160,117,160,160,160,160,160,160,160,183,183,183,183,183,219,183,183,219,219,203,219,251,251,251,251,251,251,251,251,251,251,251,251,251,251,291,291,291,291,316,291,291,316,316,316,316,316,343,316,343,343,343,343,386,386,386,343,386,386,386,386,386,386,386,386,386,386,386,386,386,386,386,386,414,414,414,386,386,414,386,414,414,414,414,414,414,386,414,414,414,386,414,386,414,414,386,386,386,386,386,386,386,386,386
4,4,4,4,4,4,4,4,4,4,4,4,4,4,4,4,4,4,4,4,4,4,4,4,4,4,4,4,4,4,4,4,4,36,4,36,36,4,36,36,36,36,36,36,67,36,67,67,67,67,67,67,67,67,117,88,117,117,117,117,117,117,117,117,117,117,117,117,117,160,117,117,160,117,160,160,160,160,160,160,160,160,183,183,160,183,183,219,219,219,219,251,219,219,251,251,251,251,251,251,251,251,251,251,251,251,291,291,291,316,316,316,291,316,316,316,316,316,343,343,343,343,343,343,343,386,386,386,386,386,343,386,386,386,386,386,386,386,386,432,386,414,386,386,386,414,414,414,414,414,414,414,414,414,414,414,414,414,414,414,414,414,414,386,386,386,386,386,386,386,386,386,386,386,386
4,4,4,4,4,4,4,4,4,4,4,4,4,4,4,4,4,4,4,4,4,4,4,4,4,4,4,4,4,4,4,4,4,4,4,4,4,67,36,36,36,36,36,67,36,36,36,67,67,67,67,67,67,67,88,88,88,88,67,117,117,117,117,117,117,117,117,117,117,117,160,117,117,117,160,160,160,160,160,160,160,160,160,183,160,183,183,183,219,219,219,219,219,251,251,251,251,251,251,251,251,251,251,251,251,251,291,291,291,291,291,316,316,316,316,316,316,343,343,316,343,343,343,343,343,343,386,386,386,386,386,386,386,386,386,386,386,386,386,414,414,414,414,414,414,414,414,414,414,414,414,414,414,414,414,414,414,414,414,414,414,414,386,386,414,386,386,414,386,386,386,386,386,386,386
4,4,36,4,4,4,4,4,4,4,4,4,4,4,4,4,4,4,4,4,4,4,4,4,4,4,4,4,4,4,4,4,4,4,4,36,4,36,36,4,36,36,36,36,36,36,36,67,67,67,67,88,67,67,67,67,88,88,88,117,117,117,117,117,117,117,117,117,117,117,117,117,117,117,117,160,160,160,160,160,160,160,183,183,183,183,183,183,203,203,219,219,219,251,251,251,251,251,251,251,251,251,251,251,291,251,251,291,291,291,291,316,316,316,316,316,316,343,316,343,343,343,343,343,343,343,386,386,386,386,386,386,386,386,386,386,386,386,386,414,414,432,386,414,414,414,414,414,414,414,414,414,414,414,414,414,414,414,414,414,414,414,414,414,414,414,414,386,386,386,386,386,386,386,386
4,36,4,4,4,4,4,4,4,4,4,4,4,4,4,4,4,4,4,4,4,4,4,4,4,4,4,4,4,4,4,4,4,4,4,4,4,4,36,4,36,36,36,36,36,67,36,67,67,67,67,67,67,67,67,88,67,88,88,117,88,117,117,117,117,117,117,117,117,117,117,117,117,160,117,160,160,117,117,117,160,160,160,160,160,160,183,183,183,183,251,219,219,219,219,219,251,251,251,251,251,251,251,251,291,251,251,291,291,291,291,316,316,316,316,316,316,316,343,343,343,343,343,343,343,386,386,386,386,386,386,386,386,414,386,414,414,414,414,414,414,386,414,414,414,414,414,414,432,414,414,414,414,414,414,414,414,414,414,414,414,414,414,414,414,414,414,414,386,386,386,386,386,386,386
4,4,4,4,4,4,4,4,4,4,4,4,4,4,4,4,4,4,4,4,4,4,4,4,4,4,4,4,4,4,4,4,4,4,4,4,36,4,4,36,4,36,36,36,36,36,67,67,67,36,67,67,67,67,67,67,67,88,88,88,88,88,88,117,117,88,117,117,117,117,117,117,117,117,117,117,160,160,160,160,160,160,160,160,183,183,160,160,183,183,183,183,183,219,251,219,251,251,251,251,251,251,251,251,251,291,251,291,316,291,291,316,316,316,316,316,316,316,343,343,343,343,343,343,386,386,386,386,386,386,386,386,386,414,386,386,414,414,414,414,414,414,414,414,414,414,432,432,414,414,414,414,414,432,414,414,414,414,414,414,414,414,414,414,414,386,414,386,386,414,386,386,386,386,386
4,4,4,4,4,4,4,4,4,4,4,4,4,4,4,4,4,4,4,4,4,4,4,4,4,4,4,4,4,4,4,4,4,4,4,4,4,4,4,4,36,36,36,36,36,36,67,36,36,67,67,67,67,67,67,67,67,67,88,88,67,88,88,88,117,117,117,117,117,117,117,117,117,117,117,160,160,160,117,160,160,160,160,160,160,160,160,183,160,183,219,219,219,219,219,251,251,251,251,251,251,251,251,251,251,291,291,251,291,316,291,316,316,316,316,343,343,343,343,343,343,343,343,386,343,343,386,386,386,386,386,386,386,386,386,414,414,414,414,414,414,414,414,414,414,432,414,414,414,432,432,432,414,432,414,414,414,414,414,414,386,414,414,414,386,414,386,386,386,386,386,386,386,386,386
4,4,36,4,36,4,36,4,4,4,4,4,4,4,4,4,4,4,4,4,4,4,4,4,4,4,4,4,4,4,4,4,4,4,4,4,4,4,4,4,4,36,36,36,36,36,36,4,36,67,67,36,67,67,67,67,88,88,67,67,88,117,88,117,88,88,117,117,88,117,117,117,117,117,117,117,117,160,160,160,160,160,160,160,160,160,183,160,183,160,183,219,183,219,219,251,251,251,251,251,251,251,251,251,251,251,251,291,291,291,291,316,316,316,316,316,316,316,343,343,343,343,343,343,343,343,386,386,386,386,386,414,386,386,414,414,414,414,414,414,414,432,414,414,414,414,414,414,414,414,414,432,432,432,432,414,414,414,414,414,414,414,414,414,414,386,386,386,386,386,386,386,386,386,386
36,36,36,4,4,4,4,36,4,4,4,4,4,4,4,4,4,4,4,4,4,4,4,4,4,4,4,4,4,4,4,4,4,4,4,4,4,4,4,4,4,36,4,4,4,36,36,36,36,36,67,36,67,67,67,67,67,67,67,67,88,67,117,88,88,88,88,117,117,117,117,117,117,117,117,117,117,160,160,117,160,160,160,160,160,160,160,160,183,160,160,160,183,219,219,219,251,251,251,251,251,251,251,251,251,251,251,251,291,291,316,291,316,316,316,316,316,316,343,316,343,343,386,386,386,386,386,386,386,386,386,414,414,414,414,414,414,414,414,414,414,414,432,414,432,414,414,432,414,414,414,414,432,432,414,414,414,414,414,414,414,414,386,386,386,386,386,386,386,386,386,386,386,386,386
36,36,36,4,4,4,4,4,4,4,4,4,4,4,4,4,4,4,4,4,4,4,4,4,4,4,4,4,4,4,4,4,4,4,4,4,4,4,4,4,36,4,36,4,36,4,36,36,36,36,36,67,67,67,67,88,67,67,67,67,88,88,88,88,88,117,88,117,117,117,117,117,117,117,117,117,117,117,160,160,160,160,160,160,160,183,160,160,160,183,183,183,183,219,219,219,251,251,251,251,251,251,251,251,251,251,251,291,291,316,291,291,316,316,316,316,343,316,343,386,343,386,343,343,343,386,386,386,386,414,414,414,414,414,414,414,414,414,414,414,432,414,414,432,432,414,432,432,432,414,414,432,414,414,432,414,414,414,414,414,414,414,414,386,386,386,386,386,386,386,386,386,386,386,386
36,36,36,36,36,4,4,4,4,4,4,4,4,4,4,4,4,4,4,4,4,4,4,4,4,4,4,4,4,4,4,4,4,4,4,4,4,4,4,4,4,4,4,4,36,4,4,4,67,36,36,67,36,67,67,67,67,67,67,67,88,88,88,88,88,88,117,88,117,117,117,117,117,117,117,117,117,160,160,117,117,160,160,160,160,160,160,160,160,160,183,183,219,219,219,219,219,219,251,251,251,251,251,251,251,251,251,291,291,316,316,316,316,316,316,316,316,316,316,343,386,386,386,386,386,386,386,386,386,386,386,414,414,414,414,414,386,414,414,432,432,414,432,432,432,432,432,432,432,414,432,432,414,432,414,414,414,414,414,386,386,386,386,386,386,386,386,386,386,386,386,343,386,343,386
36,36,36,4,4,4,4,4,4,4,4,4,4,4,4,4,4,4,4,4,4,4,4,4,4,4,4,4,4,4,4,4,4,4,4,4,4,4,36,4,4,4,4,4,36,36,36,36,36,67,67,36,36,36,67,67,67,67,88,88,88,88,88,88,88,88,88,88,117,117,117,117,117,117,117,117,117,160,117,160,160,160,160,160,160,160,160,160,160,160,160,160,160,183,219,219,251,219,251,251,251,251,251,251,251,251,291,251,291,316,316,316,316,316,316,316,343,343,343,386,386,343,386,386,386,386,386,386,386,414,414,414,414,386,414,414,414,414,414,414,414,432,432,414,414,432,432,432,432,432,432,432,432,414,414,414,414,414,386,414,414,386,386,386,386,386,386,386,386,343,386,386,386,386,343
36,36,36,36,36,36,36,4,4,4,4,4,4,4,4,4,4,4,4,4,4,4,4,4,4,4,4,4,4,4,4,4,4,4,4,4,4,4,4,4,36,36,36,4,4,36,36,36,36,36,36,67,36,36,67,67,67,67,67,88,88,88,88,88,88,117,117,88,117,117,117,117,117,117,117,117,117,117,117,117,160,160,160,160,160,160,160,160,183,160,183,160,219,219,219,219,219,251,251,251,251,251,251,251,291,251,251,251,291,291,316,316,316,343,316,343,343,343,343,343,343,386,343,386,386,386,386,386,386,414,414,414,414,414,414,414,414,414,414,414,432,432,414,432,432,432,432,432,432,414,432,414,414,414,414,432,414,386,414,386,386,386,386,386,386,386,386,386,386,386,343,343,386,343,343
36,36,36,36,36,36,4,4,36,36,36,4,4,4,4,4,4,4,4,4,4,4,4,4,4,4,4,4,4,4,4,4,4,4,4,4,4,4,4,4,36,36,36,36,36,36,36,36,36,36,67,67,67,36,67,67,67,88,67,117,88,88,88,88,88,117,88,88,88,117,117,117,117,117,117,117,117,117,117,117,160,160,160,160,160,160,160,160,160,160,160,183,183,183,219,219,251,219,251,251,251,251,251,251,251,251,251,251,316,291,316,316,316,316,343,343,343,343,343,343,343,386,386,386,386,386,386,386,386,386,414,414,414,414,414,414,414,414,432,432,432,432,432,432,432,432,432,432,432,432,432,432,414,414,414,432,386,414,386,386,386,386,386,386,386,386,386,386,343,386,343,343,343,343,343
36,36,36,36,36,36,36,4,4,4,4,4,4,4,4,4,4,4,4,4,4,4,4,4,4,4,4,4,4,4,4,4,4,4,4,4,4,4,4,4,36,36,36,36,36,36,4,36,36,36,36,36,67,67,36,67,67,67,67,88,67,67,88,88,117,117,88,88,88,117,117,117,117,117,117,117,117,117,117,160,117,117,160,160,160,160,160,160,160,160,160,160,183,183,219,183,219,219,251,251,251,251,251,251,251,251,291,251,251,316,316,316,316,316,316,343,343,343,343,343,386,386,386,386,386,386,386,386,414,386,414,414,414,414,414,414,432,414,432,432,432,432,432,432,432,432,432,432,432,432,414,414,414,414,414,386,414,414,414,386,386,386,386,386,386,386,343,386,343,386,343,316,343,316,316
67,36,36,36,36,4,4,36,4,4,4,4,4,4,4,4,4,4,4,4,4,4,4,4,4,4,4,4,4,4,4,4,4,36,4,36,36,4,4,4,4,36,36,36,36,36,36,36,36,36,67,36,67,67,67,67,67,67,88,67,67,88,88,88,88,117,88,88,117,117,117,117,117,117,117,117,117,117,117,117,117,117,160,160,160,160,160,160,160,160,160,160,183,183,219,219,219,251,251,251,251,251,251,251,251,251,251,251,316,316,316,316,316,316,343,343,343,343,343,386,386,386,386,386,386,386,386,386,386,386,414,414,414,414,414,432,414,414,432,414,432,432,432,432,432,432,432,432,432,432,386,414,414,432,414,414,414,414,414,386,386,386,386,386,386,386,343,343,343,343,343,343,316,343,316
67,67,36,36,36,4,36,36,4,4,36,4,4,4,4,4,4,4,4,4,4,4,4,4,4,4,4,4,4,4,4,4,4,4,4,4,4,4,36,36,4,36,36,36,36,36,36,36,36,67,36,67,67,67,67,67,67,67,67,88,88,88,88,88,88,88,88,88,117,117,117,117,117,117,117,117,117,117,117,117,117,160,160,160,160,160,160,160,160,160,160,160,183,219,219,219,251,251,219,251,251,251,251,251,251,251,291,251,251,316,316,316,316,343,343,343,316,343,343,386,386,386,386,386,386,386,386,386,414,414,414,414,414,414,414,414,432,414,414,414,432,432,432,432,432,432,414,414,432,432,432,432,432,414,414,386,414,414,414,386,386,386,386,386,386,386,343,343,343,343,343,316,316,316,316
67,67,67,36,36,4,36,36,36,36,4,4,4,36,36,4,4,4,4,4,4,4,4,4,4,4,4,4,4,4,4,4,4,4,4,4,4,36,4,4,4,36,36,36,36,36,36,36,36,67,67,67,67,36,67,67,67,67,67,67,88,88,88,88,88,88,88,117,117,117,117,117,117,117,117,117,117,117,117,117,117,117,117,160,160,160,160,160,160,160,160,183,160,160,219,160,219,219,251,251,251,251,251,251,251,251,251,316,316,316,316,316,316,316,343,343,343,343,386,386,386,386,386,386,386,386,386,386,386,386,386,414,414,414,414,414,432,414,414,432,414,414,432,432,432,432,432,432,432,432,432,414,432,432,414,414,386,386,386,386,386,386,386,386,343,386,343,343,343,343,316,316,343,316,316
67,67,67,67,67,36,36,36,36,36,36,4,36,4,36,4,4,4,4,4,4,4,4,4,4,4,4,4,4,4,4,4,4,4,4,4,4,4,4,36,36,36,36,36,36,36,36,36,67,36,67,67,67,67,67,67,67,88,88,67,67,88,88,88,88,88,88,117,117,117,117,117,117,117,117,117,117,117,117,117,160,117,160,160,160,160,160,160,160,160,160,160,160,160,219,219,251,219,251,251,251,251,251,251,251,251,316,251,251,316,316,316,343,316,343,343,343,343,343,386,386,386,386,386,386,386,386,386,414,414,414,432,414,432,432,414,414,414,414,414,414,432,432,432,432,432,432,414,414,432,386,386,414,414,414,414,386,386,386,386,386,386,386,386,386,343,343,343,343,343,316,316,316,316,316
67,67,67,67,67,67,36,36,36,36,4,36,4,36,4,36,4,4,4,4,4,4,4,4,4,4,4,4,4,4,4,4,4,4,4,4,4,36,4,36,36,36,36,36,36,36,36,36,36,67,67,67,67,88,67,67,67,67,67,67,88,67,88,67,88,88,88,88,117,117,117,117,117,117,117,117,117,117,117,117,117,117,160,160,160,160,160,160,160,160,160,160,160,219,219,219,251,219,251,251,251,251,251,251,251,251,316,251,316,251,316,316,316,343,316,343,343,343,386,343,343,343,386,386,386,386,386,386,414,414,414,414,414,414,414,432,432,414,432,414,432,432,432,414,432,432,414,414,414,414,414,414,414,414,414,386,386,386,386,414,386,386,386,343,343,343,316,343,316,343,316,316,316,316,316
67,67,67,67,67,67,36,67,36,36,36,36,4,36,4,4,4,4,4,4,4,4,4,4,4,4,4,4,4,4,4,4,4,4,4,4,4,36,4,36,36,36,36,36,36,36,36,36,36,67,67,67,67,67,67,67,67,67,67,67,88,88,88,88,117,117,88,88,117,117,88,117,117,117,117,117,117,117,117,117,117,160,160,160,160,160,160,160,160,160,160,160,160,219,219,219,219,251,251,251,251,251,251,251,251,251,316,316,251,316,316,316,316,316,316,343,343,343,343,343,343,386,386,386,386,386,386,414,414,414,414,414,414,414,432,414,432,414,414,432,414,432,414,432,432,432,414,414,414,414,414,414,414,386,386,414,414,386,386,343,386,343,343,343,343,316,316,316,343,316,316,316,316,251,251
117,67,67,67,67,36,67,67,36,36,36,36,36,36,4,4,4,4,4,4,4,4,4,4,4,4,4,4,4,4,4,4,4,4,4,4,36,36,36,36,36,36,36,36,36,36,36,67,67,67,67,67,67,67,67,67,67,88,67,88,88,117,88,88,117,117,88,88,117,117,117,117,117,117,117,117,117,117,117,117,117,117,160,160,160,160,160,160,160,160,160,160,219,219,251,219,251,219,251,251,251,251,251,251,251,251,251,251,316,316,316,316,316,316,343,343,343,316,343,386,386,343,386,386,386,386,386,386,414,414,414,414,414,414,432,432,414,414,432,432,432,414,432,432,414,414,414,414,414,414,414,414,386,386,414,386,386,386,386,386,386,343,386,386,343,343,343,343,316,316,316,316,251,251,251
117,117,67,67,67,67,36,67,67,36,36,36,36,36,36,36,4,4,4,4,4,4,4,4,4,4,4,36,4,4,4,4,4,4,4,4,4,36,36,36,36,36,36,67,67,67,36,67,67,67,67,67,67,67,117,67,67,67,88,88,117,88,88,117,88,117,88,117,117,117,117,117,117,117,117,117,117,117,117,160,117,160,160,160,160,160,160,160,160,160,160,219,219,219,219,251,251,251,251,251,251,251,251,251,251,251,316,316,316,316,316,316,316,343,316,343,343,386,343,343,386,386,386,386,386,386,386,386,414,414,414,414,432,414,432,432,432,432,432,432,432,432,414,432,414,414,386,414,386,414,386,414,414,386,414,386,386,386,386,386,386,386,343,343,316,343,343,316,316,316,316,251,251,251,251
117,67,117,67,36,67,67,36,36,36,36,36,36,36,36,36,4,36,4,4,4,4,4,4,4,4,4,36,36,36,36,4,4,4,36,4,36,36,36,36,36,36,36,67,36,67,67,67,67,88,67,67,67,67,88,67,67,67,67,88,88,88,117,117,88,117,117,117,117,117,117,117,160,117,117,117,117,117,117,160,160,160,160,160,160,160,160,160,160,160,160,183,219,219,219,219,251,219,251,251,251,251,251,251,316,316,316,316,316,316,316,316,316,316,343,343,343,343,386,386,343,343,386,386,386,386,386,414,386,414,386,386,414,414,432,414,432,432,432,414,414,414,414,414,414,414,414,414,386,386,414,386,414,386,386,386,386,386,386,386,386,343,316,343,343,316,316,316,316,316,316,251,251,251,251
117,67,67,67,67,67,67,67,36,67,36,67,36,36,36,36,36,36,36,36,4,4,4,4,4,4,4,4,36,4,36,4,36,36,36,36,4,67,36,36,36,36,36,36,67,67,67,67,67,67,67,67,67,67,67,88,67,88,117,117,117,88,88,88,117,117,117,88,117,117,117,117,117,117,160,117,117,117,117,160,160,160,160,160,183,160,160,160,160,183,160,183,183,219,219,219,251,251,251,251,251,251,251,251,251,251,316,316,316,316,316,316,316,316,343,343,343,343,386,343,386,386,386,386,386,386,386,414,386,414,414,414,414,414,414,414,432,432,432,432,414,414,414,414,414,414,414,386,414,386,386,386,414,386,386,386,386,343,386,386,343,343,343,316,316,316,316,316,316,251,251,251,251,251,251
117,117,67,67,67,67,67,67,67,36,67,36,36,36,36,36,36,36,36,36,4,4,4,4,4,36,36,36,4,36,4,36,36,36,36,36,4,36,36,36,67,36,36,67,67,67,67,88,67,67,67,67,67,67,67,67,88,117,117,88,117,117,117,88,117,117,117,117,117,117,117,117,160,117,160,160,117,160,160,160,160,160,160,160,160,160,160,160,183,160,183,219,219,219,219,251,251,251,251,251,251,251,251,251,251,251,316,316,316,316,316,316,343,343,316,343,386,386,386,386,386,386,386,386,386,386,414,386,414,414,414,414,414,414,414,414,414,414,414,432,414,414,414,414,414,386,414,414,386,414,386,386,386,386,386,386,343,343,343,343,343,343,343,343,316,316,316,316,251,251,251,251,251,251,251
117,117,117,67,67,67,67,67,67,117,67,67,36,67,67,36,36,36,36,36,36,36,4,36,36,36,36,36,4,36,36,36,36,36,36,36,4,67,67,36,36,36,67,67,67,67,67,67,67,88,67,67,67,67,117,117,117,117,117,117,117,117,117,117,160,160,117,117,117,117,117,117,117,160,117,160,160,160,117,183,183,160,183,160,160,160,160,160,183,203,219,219,203,251,219,219,251,251,251,251,251,316,251,251,251,316,316,251,316,343,316,316,316,316,343,386,343,386,386,386,386,386,414,386,414,386,386,414,414,414,414,414,414,414,414,414,414,414,414,414,414,414,414,414,414,386,414,414,386,386,386,386,386,386,386,343,343,343,343,316,316,316,316,316,316,316,316,316,251,251,251,251,251,251,251
117,117,117,67,67,117,67,67,67,67,67,67,67,67,36,36,36,36,36,36,36,36,36,36,36,36,36,36,4,36,36,36,36,36,36,67,36,67,67,67,36,67,67,67,67,67,67,67,67,67,88,88,67,117,117,117,117,88,88,117,117,117,117,117,117,160,160,160,117,117,117,117,160,160,117,160,160,117,160,160,160,160,160,160,160,160,160,203,203,203,183,219,219,219,251,251,251,251,251,251,251,316,316,251,316,316,316,316,316,316,316,343,316,316,343,343,386,386,386,386,386,414,414,414,386,414,414,386,414,414,414,414,414,414,414,414,414,414,414,414,414,414,414,414,414,386,414,414,386,386,386,386,386,386,386,386,386,386,343,316,316,316,316,316,316,316,251,251,251,251,251,251,251,203,203
117,117,117,117,117,117,67,67,67,67,67,67,67,67,67,67,36,67,36,36,36,36,36,36,36,36,36,36,36,36,67,36,67,36,36,36,67,67,67,67,67,67,67,67,67,67,67,117,117,67,67,117,117,117,117,117,117,117,117,117,117,117,117,117,160,160,117,160,160,160,117,160,160,160,160,160,160,160,160,160,160,203,183,160,203,203,203,203,203,203,203,183,203,183,251,251,251,251,251,251,251,251,316,251,316,316,316,316,316,316,316,316,316,343,316,386,386,343,386,386,386,386,386,386,386,414,414,414,414,414,414,414,414,414,414,414,414,414,414,414,414,414,414,414,414,386,386,386,386,414,386,386,386,386,386,386,386,343,316,316,316,316,343,316,316,316,251,251,251,251,251,251,251,251,203
160,117,117,117,117,67,67,117,67,67,67,67,67,67,67,67,36,67,36,36,67,36,36,36,67,67,36,36,36,67,67,67,36,36,67,67,67,67,67,67,67,67,67,67,67,117,67,67,67,67,88,88,117,117,117,117,117,117,117,117,117,160,117,160,160,160,117,160,117,160,160,160,160,160,160,160,160,160,160,183,160,160,160,203,203,203,203,203,203,203,251,251,251,251,251,251,251,251,251,251,251,251,251,316,316,316,316,316,316,316,316,316,343,343,386,386,343,386,386,386,386,386,386,386,386,414,414,414,414,414,414,414,414,414,414,414,414,414,414,414,414,414,414,414,414,414,414,386,386,386,386,386,386,386,386,316,316,316,343,316,316,316,316,251,251,316,251,251,251,251,251,203,251,203,203
160,117,160,117,117,117,117,117,67,67,67,67,67,67,67,67,67,36,67,67,36,67,67,67,36,67,67,67,67,67,67,67,67,67,67,67,67,67,67,67,67,67,67,117,117,117,117,117,117,117,88,67,117,117,117,117,117,117,117,160,160,160,160,117,160,160,160,160,160,160,160,160,160,160,160,203,160,160,160,160,203,160,203,203,203,203,203,203,203,251,251,251,251,251,251,251,251,251,251,251,316,316,316,251,316,316,316,316,316,343,343,343,343,386,386,386,386,386,386,386,386,386,414,386,386,414,414,414,414,414,414,414,414,414,414,414,414,414,414,414,386,414,414,414,414,414,386,386,386,386,386,386,343,343,316,343,316,316,316,316,316,316,316,251,251,251,251,251,203,251,251,203,203,203,203
160,160,160,160,117,117,117,117,117,117,67,67,67,67,67,67,67,67,67,67,67,67,67,67,67,67,67,67,67,67,67,67,67,36,36,67,67,67,67,67,67,117,67,117,117,117,117,117,117,117,117,117,117,160,117,160,117,160,160,160,160,160,160,160,160,160,160,160,160,160,160,160,160,160,160,160,160,160,160,203,203,203,203,203,203,203,203,203,251,251,251,251,251,251,251,251,251,251,251,251,251,316,316,316,316,316,316,316,343,343,343,343,343,343,386,386,386,386,386,386,386,386,414,386,386,414,414,414,386,414,414,414,414,432,414,414,414,414,414,414,414,414,414,414,386,386,414,386,386,386,386,386,386,386,316,316,316,316,316,316,316,316,316,251,251,251,251,251,251,203,203,203,160,160,160
160,160,160,160,160,160,117,117,117,67,117,117,117,117,67,67,117,117,67,67,67,67,67,67,67,67,67,67,67,67,67,67,117,117,67,67,67,67,67,67,67,117,117,117,117,117,117,117,117,117,117,117,117,160,160,160,160,160,160,160,160,160,160,160,203,160,160,203,160,160,160,160,160,160,160,160,160,203,203,160,203,203,203,203,203,251,203,251,251,251,251,251,251,251,251,251,251,251,316,251,251,316,316,316,316,316,316,316,343,343,343,386,343,386,386,386,386,386,414,386,414,386,414,414,414,414,414,414,414,414,414,414,414,414,414,414,414,414,414,386,386,414,386,386,386,386,386,386,386,386,386,386,343,343,343,316,316,316,316,316,316,316,316,251,251,251,251,251,251,203,203,160,203,160,160
160,160,160,160,160,160,117,117,117,117,160,67,117,117,117,117,67,117,117,67,67,67,67,67,67,67,67,67,117,67,67,67,117,117,117,67,67,67,117,117,117,117,117,117,117,117,117,117,117,117,117,160,160,160,117,160,160,160,160,160,160,160,160,160,160,160,160,160,160,203,203,203,160,160,203,160,203,203,203,203,203,203,203,203,251,251,251,251,251,251,251,251,251,251,251,251,251,251,251,316,316,316,316,316,316,316,316,343,343,343,343,343,343,386,386,386,386,386,414,386,414,386,414,414,414,414,414,414,432,432,414,414,414,414,414,414,414,414,414,414,386,386,386,386,386,386,386,386,343,386,343,343,343,343,316,316,316,316,316,316,316,316,251,251,251,251,251,203,251,203,160,203,160,203,160
160,160,160,160,160,160,160,160,160,160,117,117,117,117,117,117,117,67,117,117,117,67,67,67,67,117,117,67,117,67,67,117,117,117,67,117,117,117,117,117,117,117,117,117,160,117,117,117,160,160,160,160,160,160,160,160,160,160,160,160,160,160,160,160,160,160,160,203,203,203,203,203,203,203,203,203,251,203,203,251,203,203,251,251,251,251,251,251,251,251,251,251,251,251,251,316,251,316,316,316,316,316,316,316,343,316,343,343,343,343,343,343,386,386,386,386,386,386,386,432,386,414,414,414,432,414,414,432,414,432,432,432,414,414,414,414,414,414,386,386,386,386,386,386,386,386,386,343,343,386,343,386,343,343,343,316,316,316,316,251,316,316,251,251,251,251,251,251,203,203,160,160,160,160,160
203,203,160,160,160,160,160,160,160,117,117,160,117,117,117,117,117,117,117,117,117,117,117,67,117,117,117,117,117,67,67,117,117,117,117,117,117,117,117,117,117,117,117,117,117,160,160,160,160,160,160,160,160,160,160,203,160,203,160,160,203,160,203,203,160,160,160,203,203,203,203,251,203,203,203,251,251,251,251,251,251,251,251,251,251,251,251,251,251,251,251,251,251,251,251,316,316,251,316,316,316,316,316,316,343,343,343,343,343,343,386,343,386,386,386,386,386,386,386,386,386,386,414,432,432,414,414,432,432,414,414,432,414,414,414,414,414,414,414,414,386,386,386,386,386,386,386,386,343,343,343,343,343,316,316,316,316,316,316,316,251,251,251,251,251,251,251,251,203,203,160,160,160,160,117
160,203,203,160,160,160,160,160,160,160,160,160,160,160,160,160,117,117,117,117,117,117,117,117,160,117,117,117,117,117,117,117,117,117,117,117,117,117,117,117,160,160,160,160,117,160,160,160,160,160,160,160,160,160,160,203,160,160,203,203,203,203,203,203,203,160,251,203,203,203,203,203,251,251,203,251,251,251,203,203,251,251,251,251,251,251,251,251,251,251,251,251,251,251,251,316,316,316,316,316,316,316,316,343,343,316,343,343,343,343,386,386,386,386,386,386,414,386,432,432,432,386,386,414,432,432,432,414,432,414,414,414,414,414,414,414,414,414,386,414,414,386,386,386,386,386,386,343,343,343,343,343,343,343,316,316,316,316,316,251,251,251,251,251,203,251,160,203,160,203,160,160,117,117,117
251,251,203,203,160,160,160,160,160,160,160,160,160,160,160,160,160,160,160,160,117,117,117,117,117,117,117,117,117,117,117,117,160,117,117,117,160,117,117,160,160,117,160,160,160,160,160,160,160,160,160,160,203,160,203,203,203,251,203,203,203,160,203,251,203,203,251,203,251,251,251,251,251,251,251,251,251,251,251,251,251,251,251,251,251,251,251,251,251,251,251,251,251,251,251,316,316,316,316,316,316,316,316,343,343,386,343,343,386,343,386,386,386,386,386,386,414,432,432,414,432,432,432,432,414,414,432,414,432,432,432,414,414,414,414,414,414,414,414,386,414,386,386,386,386,386,343,343,343,316,343,316,316,316,316,316,316,316,251,251,251,251,251,251,203,251,203,203,160,160,160,160,117,117,117
251,203,219,203,203,203,203,160,160,160,160,160,160,160,160,160,160,160,117,117,160,117,117,160,160,117,160,160,160,160,117,160,160,117,160,160,160,160,160,160,160,160,160,160,160,160,203,160,160,160,160,203,203,203,203,203,203,203,203,251,203,203,203,251,251,251,251,251,251,251,251,251,251,251,251,251,251,251,251,251,251,251,251,251,251,251,251,251,316,316,316,316,251,251,316,316,316,316,316,316,343,316,343,343,386,343,386,386,386,386,386,386,386,386,386,386,414,432,432,386,432,432,432,414,432,432,432,414,432,432,432,432,432,414,414,414,414,386,386,414,386,386,414,386,386,343,414,386,343,343,316,316,316,316,316,316,316,316,251,251,251,251,251,203,203,203,160,203,160,160,117,117,117,117,117
251,251,251,251,203,203,203,160,160,160,203,160,160,160,160,160,160,160,160,160,160,160,160,160,160,160,160,160,160,160,160,160,160,160,160,160,160,160,160,160,160,203,203,203,203,203,203,203,203,203,203,203,203,203,203,251,251,251,251,203,251,251,251,251,251,251,251,251,251,251,251,251,251,251,251,251,251,251,251,251,251,251,251,251,251,251,251,316,316,316,251,316,316,316,251,316,316,316,316,343,316,316,316,386,386,343,386,386,386,386,386,386,386,386,386,414,414,432,414,432,414,432,414,414,432,432,414,432,414,432,432,414,414,414,414,414,414,414,414,386,414,386,386,386,386,386,343,343,343,343,316,316,316,316,316,316,251,251,251,251,251,251,203,203,203,203,160,160,117,117,117,117,117,117,117
251,251,251,251,203,203,203,203,160,203,203,203,160,160,160,160,203,160,160,160,160,160,160,160,160,160,160,160,160,160,160,160,160,160,160,160,160,160,160,160,203,203,203,203,203,203,203,203,203,203,203,203,251,203,251,251,251,251,251,251,251,251,251,251,251,251,251,251,251,251,251,251,251,251,251,251,251,251,251,251,251,251,251,251,251,316,251,316,316,316,316,316,316,316,316,316,343,316,343,343,343,386,386,386,386,386,386,386,386,386,386,414,386,414,414,414,432,432,414,432,452,432,414,432,414,432,414,452,432,414,432,432,432,414,414,414,414,414,414,414,386,386,386,386,386,343,343,386,316,343,343,316,316,251,316,316,251,251,251,251,251,251,203,203,203,160,160,160,160,160,117,117,117,117,117
251,251,251,251,203,203,203,251,203,203,203,203,203,203,203,203,203,203,160,160,160,160,160,160,160,160,160,160,203,203,203,160,203,203,160,160,160,203,203,203,203,251,251,251,203,203,203,251,251,203,203,251,251,251,251,251,251,251,251,251,251,251,251,251,251,251,251,251,251,251,251,251,251,251,251,251,251,251,251,251,251,251,316,316,316,316,316,316,316,316,316,316,316,316,316,343,316,343,343,386,316,386,386,386,386,386,343,386,386,386,386,386,432,386,414,414,414,414,414,414,432,432,432,432,432,432,432,452,432,414,432,414,414,414,432,414,414,414,414,386,386,386,386,386,386,343,343,316,316,316,316,316,316,316,251,251,251,251,251,251,251,251,203,203,203,160,160,160,117,117,117,117,117,117,117
251,251,251,251,251,251,251,251,251,203,251,251,251,203,203,251,203,203,203,203,203,160,203,160,203,160,160,160,203,203,203,203,203,203,203,203,203,251,251,203,203,251,251,203,203,203,251,251,251,251,251,251,251,251,251,251,251,251,251,251,251,251,251,251,251,251,251,251,251,251,316,251,251,316,251,251,251,251,251,251,251,251,316,316,316,316,316,316,316,316,343,316,316,316,343,343,386,343,386,343,343,316,386,386,386,386,386,386,414,414,414,414,432,432,414,414,452,452,452,432,452,432,452,432,432,432,414,452,452,432,414,414,414,386,414,414,414,414,386,386,386,386,386,343,343,343,316,316,316,343,316,316,316,251,251,251,251,251,251,251,251,203,203,160,160,160,160,160,117,117,117,117,117,117,67
251,251,251,251,251,251,251,251,251,251,251,251,251,251,251,203,251,251,251,251,203,251,251,251,203,203,203,251,251,203,251,203,251,251,203,203,251,251,251,251,251,251,251,251,251,251,251,251,251,251,251,251,251,251,251,251,251,251,251,251,251,251,251,251,251,251,251,251,251,251,316,316,316,316,251,251,316,251,251,316,251,316,316,316,316,316,316,343,316,316,316,316,343,343,343,343,343,343,386,386,386,386,386,386,386,386,386,386,386,414,432,432,414,432,432,452,414,452,432,452,452,432,432,432,432,432,432,432,414,452,432,432,414,414,414,414,414,386,386,386,386,386,386,343,343,343,343,316,343,316,316,316,316,316,251,251,251,251,251,251,251,160,160,160,160,117,160,160,117,117,117,117,117,67,67
251,251,251,251,251,251,251,251,251,251,251,251,251,251,251,251,251,251,251,251,251,251,251,251,251,251,251,251,251,251,251,251,251,251,251,251,251,251,251,251,251,251,251,251,251,251,251,251,251,251,251,251,251,251,251,251,251,251,251,251,251,251,251,316,316,316,316,251,316,316,316,316,316,316,316,316,316,316,316,316,316,316,316,316,316,316,316,316,343,343,316,343,343,386,386,386,386,386,386,343,386,386,386,386,386,432,386,414,386,414,414,432,432,432,432,414,414,432,432,432,432,432,432,432,432,432,432,432,452,414,414,414,414,414,414,414,386,386,386,386,386,386,386,386,343,343,343,316,316,316,316,251,251,251,251,251,251,251,251,251,160,203,160,160,160,160,117,117,117,117,117,67,67,67,67
251,251,251,251,251,251,251,251,251,251,251,251,251,251,251,251,251,251,251,251,251,251,251,251,251,251,251,251,251,251,251,251,251,251,251,251,251,251,251,251,251,251,251,251,251,251,251,251,251,251,251,251,251,251,316,251,316,251,251,316,316,316,316,316,251,316,316,316,316,316,316,316,316,316,316,316,316,316,251,316,316,316,316,316,316,316,316,343,343,343,343,343,386,343,343,386,386,386,386,386,386,386,386,386,386,386,414,414,414,414,414,414,432,432,432,432,432,452,452,452,452,432,432,432,432,432,432,414,432,452,432,414,414,414,432,432,386,414,414,386,386,386,386,386,343,343,343,316,316,316,316,251,251,251,251,251,251,251,203,203,203,160,203,203,160,117,117,117,67,117,67,67,67,67,67
251,251,316,251,251,251,251,251,251,251,251,251,251,251,251,251,251,251,251,251,251,203,251,251,251,251,251,251,251,251,251,251,251,251,251,251,251,251,251,251,251,251,251,251,251,251,316,316,251,316,316,251,316,316,251,251,251,316,251,316,316,316,316,316,316,316,316,316,316,343,316,316,316,316,316,316,343,316,316,316,316,343,316,316,316,343,343,316,316,343,343,343,386,386,343,343,386,386,386,386,386,386,386,452,432,386,414,414,432,414,414,432,452,452,452,432,452,432,452,452,432,452,432,452,432,432,452,432,432,414,414,432,452,386,386,414,386,414,386,386,386,386,343,343,343,386,316,343,316,316,316,251,251,251,251,251,251,251,251,160,160,203,160,160,117,117,117,117,117,67,67,67,67,67,67
251,251,251,251,251,251,251,251,251,251,251,251,251,251,251,251,316,251,251,251,251,251,251,251,251,251,251,251,251,316,251,251,251,251,251,251,251,251,316,251,251,251,316,251,251,251,316,316,316,316,316,316,316,316,316,316,316,316,316,316,316,316,316,343,343,316,316,316,343,316,316,316,316,316,316,343,316,316,316,316,316,316,343,343,343,343,343,343,386,343,386,386,386,343,386,386,386,386,386,386,386,386,432,414,432,414,414,414,414,432,432,432,452,432,452,432,452,452,452,432,452,452,432,452,452,432,432,452,432,452,432,414,432,452,386,414,386,386,386,386,386,386,343,316,343,316,343,316,316,343,251,251,251,251,251,251,251,251,160,160,160,160,160,117,117,117,117,117,117,67,67,67,67,67,36
251,251,316,251,251,251,251,316,316,316,251,251,251,251,251,251,251,251,316,251,251,251,251,316,251,251,316,251,251,316,251,251,251,316,316,316,316,316,251,316,316,251,316,316,316,316,316,316,343,343,316,316,316,316,316,316,316,316,316,316,316,316,316,316,316,316,316,316,316,343,343,316,316,316,343,316,343,316,316,316,316,316,343,343,343,343,343,386,386,343,386,386,386,386,386,386,386,386,386,386,386,432,386,432,432,414,452,452,414,452,432,452,452,452,452,452,452,452,452,452,432,452,452,432,432,452,432,432,432,432,452,432,414,414,414,414,386,386,386,386,386,386,386,343,343,316,316,316,316,251,316,251,251,251,251,251,251,251,160,160,160,160,160,160,117,117,67,117,67,67,67,67,67,67,36
251,316,316,316,251,316,251,316,316,316,316,316,316,316,251,316,316,316,316,316,316,251,316,316,316,316,316,316,316,316,316,251,316,316,316,316,316,316,316,316,251,316,316,316,316,316,316,316,316,316,316,316,316,316,316,316,316,343,343,316,343,316,343,343,343,343,343,343,343,316,316,343,343,343,343,316,343,316,386,316,343,343,343,343,386,386,386,386,386,386,386,386,386,386,386,386,386,432,386,386,414,386,432,452,452,452,432,432,452,452,452,452,452,432,432,452,452,452,452,452,452,452,452,452,452,432,452,452,432,452,432,414,432,432,414,414,386,386,386,386,386,386,386,343,343,316,316,316,316,316,316,251,251,251,251,251,203,203,203,160,117,117,160,117,117,117,67,67,67,67,67,67,67,36,36
316,251,316,316,316,316,316,316,316,316,316,316,316,316,316,316,316,316,316,343,316,316,316,316,316,316,316,316,316,316,316,316,316,316,316,316,316,316,316,316,343,343,316,316,316,316,316,316,316,316,316,343,343,343,343,316,343,316,316,316,316,316,343,343,343,343,343,343,316,343,316,343,343,343,343,343,343,386,386,386,386,343,386,386,386,386,386,386,386,386,343,386,386,386,386,414,414,386,386,432,432,432,452,452,432,452,452,452,452,432,452,452,432,452,432,452,452,452,452,452,452,452,452,452,452,432,452,452,452,432,432,432,432,432,414,386,386,386,386,386,386,386,343,386,343,316,316,316,316,316,251,251,251,251,251,251,203,160,160,160,160,117,160,67,117,117,67,67,67,67,67,36,36,36,36
316,316,316,316,316,316,316,316,316,316,316,316,316,316,316,316,316,316,316,343,343,316,316,316,316,316,316,316,316,316,343,316,316,316,316,316,343,343,316,316,343,343,316,343,316,316,316,316,343,343,343,343,343,343,343,343,316,343,316,343,343,386,343,343,343,343,343,343,343,343,343,343,343,343,343,386,343,386,386,386,386,386,386,386,386,386,386,386,386,386,386,386,386,386,386,414,414,432,432,432,432,432,432,452,452,452,432,452,452,452,452,432,432,452,452,452,452,452,452,452,452,452,452,452,452,452,452,452,452,452,452,432,432,432,432,432,386,386,386,386,386,386,316,386,316,316,316,316,316,251,251,251,251,251,251,203,203,160,160,117,160,117,117,117,117,67,67,67,67,67,36,36,36,67,36
316,316,316,316,316,316,316,316,316,316,316,316,316,316,316,316,343,316,343,343,316,316,343,386,316,316,316,316,316,316,316,316,386,316,386,316,316,316,343,343,343,316,343,386,316,316,343,386,343,343,343,343,386,343,343,386,343,343,343,386,343,343,343,343,343,343,386,343,386,343,386,386,343,386,343,386,386,386,386,386,386,386,386,386,414,386,386,386,414,386,414,432,432,432,414,432,432,432,452,432,432,432,452,452,452,452,452,452,452,452,452,452,452,452,452,452,452,452,452,452,452,452,452,452,452,452,452,452,452,452,432,432,432,432,432,452,386,386,386,386,386,386,316,386,316,316,316,316,316,251,251,251,251,251,251,160,160,160,160,160,117,117,117,117,117,67,117,67,67,36,36,36,36,36,36
316,343,316,316,316,316,316,316,343,316,343,343,316,316,316,316,343,343,316,316,343,343,343,343,386,343,386,343,386,316,386,386,386,316,386,316,316,343,343,386,386,386,343,386,343,386,343,386,343,343,343,343,343,343,343,343,343,343,343,343,343,343,343,386,386,343,343,386,386,386,386,343,386,386,386,386,386,386,386,386,386,386,386,414,386,414,414,414,386,432,414,414,432,432,432,414,432,432,432,452,432,452,432,432,432,432,452,432,452,452,452,452,452,452,452,452,452,452,452,452,452,452,452,452,452,452,452,432,452,432,432,432,432,452,386,432,386,386,386,386,386,386,316,316,316,316,316,316,251,251,251,251,251,251,160,160,160,160,160,117,117,117,117,117,67,67,67,67,67,36,36,36,36,36,36
316,316,316,316,316,316,316,316,316,343,343,343,343,343,343,316,343,343,343,386,343,343,343,343,343,386,386,386,316,386,386,386,386,386,386,386,343,386,386,386,343,316,343,386,343,386,343,386,386,386,386,386,386,386,386,386,386,343,386,386,343,386,386,386,386,386,386,386,386,386,386,386,386,386,386,386,386,386,386,386,386,386,386,386,386,414,414,414,414,414,414,414,414,432,432,414,432,432,414,432,432,432,452,452,432,452,452,452,452,452,452,452,452,452,452,452,452,452,452,452,452,452,452,452,452,452,452,432,432,432,452,452,432,432,432,432,386,386,386,386,386,386,316,316,316,316,316,251,316,251,251,251,251,251,251,160,160,160,160,160,117,117,117,67,67,67,67,67,67,67,36,36,36,36,36
316,316,316,316,316,316,316,343,316,343,343,343,343,316,343,343,316,316,386,386,343,343,343,386,386,386,386,386,386,386,386,386,386,386,386,386,386,386,386,386,386,386,386,386,386,386,386,386,386,386,386,386,386,386,386,386,386,386,386,386,386,386,386,343,386,386,386,386,386,386,386,386,386,386,386,386,386,386,386,386,386,386,414,414,414,414,414,414,414,414,414,414,414,432,432,432,414,432,432,432,432,452,432,432,452,452,452,452,452,452,452,452,452,452,452,452,452,452,452,452,452,452,452,452,452,452,452,432,432,432,452,432,432,432,432,432,386,386,386,386,386,316,316,316,316,316,316,251,251,251,251,251,251,203,160,160,160,160,160,160,117,117,117,67,67,67,67,36,67,36,36,36,36,36,36
316,316,316,316,343,343,343,316,343,343,343,343,343,343,386,343,386,386,386,386,386,343,343,343,386,386,386,343,386,386,386,386,386,386,386,386,386,386,386,386,386,386,386,386,386,386,386,386,386,386,386,386,386,386,386,386,386,386,386,386,386,386,386,386,386,386,386,386,386,386,386,386,386,386,386,414,386,386,386,386,386,386,386,414,414,414,414,414,414,414,414,414,414,432,432,432,414,432,432,432,432,452,452,432,432,452,452,452,452,452,452,452,452,452,452,452,452,452,452,452,452,452,452,452,452,452,432,432,432,432,452,432,432,432,432,432,386,386,386,386,343,316,316,316,316,316,316,251,251,251,251,251,251,251,203,160,160,117,117,160,160,117,67,67,67,67,67,67,36,36,36,36,36,36,36
316,316,316,343,316,343,343,343,343,343,343,343,343,343,343,386,386,386,386,386,386,386,386,386,386,386,386,386,386,386,386,386,386,386,386,386,386,386,386,386,386,386,386,386,386,386,386,386,386,386,386,386,386,386,386,386,386,386,386,386,386,386,386,386,386,386,386,386,386,386,386,386,386,386,386,386,386,386,386,386,386,414,386,414,414,414,414,414,414,414,414,414,414,414,414,432,432,414,432,432,432,452,452,432,452,452,452,452,452,452,452,452,452,452,452,452,452,452,452,452,452,452,452,452,452,452,452,432,432,432,432,432,432,432,432,386,432,386,386,386,386,343,316,316,316,316,316,251,251,251,251,251,251,160,160,203,160,117,117,160,117,67,117,67,67,67,67,67,67,36,36,36,36,36,36
